,ROSE,ANKR,VET,NEAR,ETH,EOS,BAKE,GRT,REEF,INJ,FIL,MATIC,BCH,IOST,CHR,EGLD,HBAR,ZIL,ALGO,DENT,DASH,ALICE,IOTA,LINK,XTZ,LRC,ONE,SXP,KAVA,AXS,ADA,SOL,ONT,ETC,MANA,SNX,ZEC,CFX,YFI,WAVES,LTC,CHZ,XLM,COTI,DOT,OMG,SUSHI,FTM,BNB,UNI,STX,RUNE,THETA,HOT,1INCH,FET,KSM,SLP,CRV,IOTX,BTC,AVAX,ENJ,CAKE,XRP,TRX,ATOM,AAVE,DOGE,NEO,SAND,QTUM
ROSE,0.0,0.3297055669722425,0.0872564688172995,0.12909600792249556,0.20678705015388663,-0.22613300119583904,0.0,-0.2522048421498751,-0.18978482399858135,-0.001665469271940473,0.10369299461265233,0.024965627389934006,0.13499000415422113,-0.06970694968876609,0.023440405311529175,0.1474965988234444,0.1352046878593438,-0.013086386950294921,-0.09072818886153347,0.145800911442582,0.3580514330540757,0.0,0.07288079529202443,-0.11178280563718804,-0.17432875086030863,-0.18206674468581965,0.17984115697537492,0.3693027155191556,-0.13316071796289264,0.32206665347411345,-0.33117944137642774,0.2617638895245294,0.038838357722446634,0.02181987566759966,0.08978120667725624,-0.0560433749040454,0.07228211053270783,0.0,0.3895649098423509,0.3159902366997756,0.22443763969331765,-0.0796507857015121,-0.21723820200173777,0.4044125580709502,-0.24889677680220723,0.10389641268904003,-0.07429491624595339,0.12207030240688002,0.09546566078553065,0.05537201633011685,-0.008792605991748553,-0.17823837396382297,0.019052097912280255,0.14152791493448288,-0.13962061421172514,0.12317939167801721,-0.18365921533424429,0.0,0.025124963781723374,-0.3276702358559119,0.256042785527235,-0.6056585200980449,0.2551299605291971,0.0,0.21040453341588544,0.21157257882922254,-0.35230572700651963,0.013464714581719252,-0.13050850716860157,0.40296913600625806,-0.3405460450589983,0.10570477650508267
ANKR,-0.3297055669722425,0.0,-0.07616721208912647,-0.03887155208979248,-0.3832867031869611,-0.30246503249973555,0.0,-0.24100582285516525,0.21755698825569314,-0.5925245217899945,0.07417677562601493,-0.03323945503981071,-0.06782969690595925,-0.16459131822131,-0.5025071859452779,0.09137712415656611,-0.22116629312646713,-0.14681604532005538,-0.08553692103014243,0.09680584827010341,0.051491628138665396,0.0,-0.07005851390270199,-0.24578201557536092,-0.38044455754599216,-0.45527358236104903,-0.09359860942423445,-0.24579740614767975,-0.34923575647917643,0.5329642624134155,-0.4835018718305704,-0.21359559271381787,-0.08311483771940748,-0.08544822908781136,-0.35310293136884796,-0.43161490698391847,-0.19692982914997256,0.0,-0.08207325790001013,0.0020570107878776223,-0.2227506630319122,-0.6169529992108832,-0.2547551742645995,0.22705638422789973,-0.17656764819158774,-0.053043291979068125,-0.19470995228859617,-0.24994682544175523,-0.1340986243015765,-0.1296159314830353,-0.42177693337710614,-0.4085764733554812,-0.201745015301267,-0.225795518548493,-0.30796160141727785,0.06809768158119836,-0.24461022975592844,0.0,0.28933284185399283,-0.7595091542267987,-0.26703382912714946,-0.4461673425137657,-0.6442179412052997,0.0,0.13799056370319893,0.042973830653067646,-0.3339910264984457,-0.34214413197217797,-0.23656190714799005,0.09304333009840571,0.5893378827697277,-0.15995088842205046
VET,-0.0872564688172995,0.07616721208912647,0.0,-0.2158254951228131,0.09135848444936288,0.0005880067768825187,0.0,-0.1318836631153283,0.10221455580957779,-0.21254009785793865,0.0029516443744977416,0.3891904894782544,0.12278162389510311,-0.17673815382397448,0.10947761839688322,0.17179188163743836,-0.25795874982844164,0.055026673773363094,-0.03973161974449607,0.1947262189151025,0.20096741045378985,0.0,0.14881204668556877,-0.019297689826402203,-0.00578153787562577,-0.24152152719835202,0.17393656371603872,-0.01905765534203746,-0.017647573073812983,0.4649382911647408,-0.14455248064651108,-0.1178705505392463,0.06039556485179179,0.13447958098330734,-0.051268857851663865,-0.2011339111558464,-0.026877102571867068,0.0,0.05230562419089016,-0.03202269970227695,-0.010571202898494864,-0.2001802471118613,0.14180674942929983,0.139019708437911,0.046334780116871394,0.04093208856174768,-0.18193847602502167,0.07153593188053428,-0.05316954901080159,0.0005537197428605589,-0.19028236013339986,-0.15106773899949424,-0.1949000650077233,-0.05955636418797708,-0.1783215858788997,0.13413658666543626,-0.038213416856968774,0.0,0.00718205047205564,-0.35478145236947256,-0.04812496867417429,-0.42175202085601055,-0.21168169040011417,0.0,0.2828239814274173,0.21255497244621605,-0.11600314076691129,-0.06877231614497303,-0.2516712036091211,0.39571177931696044,0.06374262557378507,0.24694350812653343
NEAR,-0.12909600792249556,0.03887155208979248,0.2158254951228131,0.0,0.0035191683288454123,0.04670929162300814,0.0,-0.0018352053833552637,-0.0399852948999079,-0.2497506671598046,0.15616331809248973,0.3310959216373855,0.340078115630052,0.0043330898024556835,0.13673235085234942,0.1789429827131816,-0.3660859154666507,0.07154361188281191,0.19955489442192417,0.1595732143064221,0.31500474722355354,0.0,0.24782011394532089,0.09690971175758992,-0.021588828898600004,-0.23454938148068427,0.0700077756679421,0.1501594794025498,-0.0015408915553220583,0.6823800786987004,-0.12292978805101187,-0.17877752841052513,0.32517388374579725,0.15084697533907576,-0.5002439100423601,-0.18138352730745255,-0.06670654084081026,0.0,-0.11953212769229882,0.258616617040481,0.07622599510194168,-0.1330509906294886,0.016152349726814397,0.29147577523414675,-0.23638855277356927,0.33724983831450234,-0.18420049417012688,0.0017084564209293995,-0.044345798144746415,0.03569216109420709,-0.2508622704137806,-0.16407610377535886,0.09539122021438282,0.15727914895194012,-0.02691000717720146,0.3180015836233581,-0.052537212732991403,0.0,0.20929909409164066,-0.3114439021157609,-0.098881768389806,-0.40892227419349025,-0.2504638399064413,0.0,-0.13086096819687376,0.29338168993179675,-0.04946462356575061,-0.1542368690184043,-0.2003985573862592,0.5059646839994856,0.1898077875035812,0.2717174408445616
ETH,-0.20678705015388663,0.3832867031869611,-0.09135848444936288,-0.0035191683288454123,0.0,-0.2561478794443597,0.0,-0.3067138111513614,0.4296750942879728,-0.3592908017803422,0.020436900445063425,0.19604870902664875,-0.05607816247542097,0.027707286002196452,-0.03756214222476496,0.20224607236147635,0.007934833712698111,-0.07523206019851003,0.04346561750135827,0.12344397144981674,0.18881752424996046,0.0,-0.018271851328318774,-0.06615001841124858,-0.12979452572125721,-0.17412454975225447,-0.15359339247495266,-0.092397412968872,-0.013737099284542031,0.18787978694344976,-0.22247678070747784,0.003685102612275004,-0.09843640924743832,0.06654936548818521,-0.26521713398948477,-0.05852242516342909,-0.13535072327043582,0.0,-0.16236504807019803,-0.03154945567668066,-0.2694518365348539,-0.27981126636076875,-0.06357678304242176,-0.002390695090765005,-0.1673638612253479,-0.07254096792330339,-0.11524177358185292,-0.11003095810820027,-0.12919144548459863,-0.011969718934523282,-0.3226115750863766,-0.39273905514758517,-0.13428185330950368,-0.11153997524984413,-0.1554775535069357,0.06856969203566021,-0.32241571040696715,0.0,0.1322919514483739,-0.29937824531471924,-0.17013582553091863,-0.3562937508434946,0.019785535521281837,0.0,0.22372111781780632,-0.06730620638128645,-0.22377169710252165,0.009970898365993186,-0.3082649590957527,0.1915484146903532,-0.2659874270228969,-0.011120742971401504
EOS,0.22613300119583904,0.30246503249973555,-0.0005880067768825187,-0.04670929162300814,0.2561478794443597,0.0,0.0,-0.0020630800700447167,0.38009144944329915,-0.2278759344409531,0.5657726171366743,0.20279857092821993,0.5499128648510898,-0.08845966998457232,0.18246303849829723,0.002967711217953223,-0.48343442258205355,0.14856030829094208,-0.023070125721360822,0.38765474530307165,0.8480006571948957,0.0,0.395999704358097,0.08928063899270436,0.26276751423940503,-0.2524688969589519,0.14399902783437207,0.039189360955084046,0.28515205633522955,0.42706208660289935,-0.24802908747390537,-0.06277212901302272,0.4067362211025988,0.6254122839206163,-0.013852305331186615,0.00636732474827198,0.4803020889025809,0.0,0.20962991601334258,0.39563278214023945,0.1692545947991728,-0.012004581489243188,-0.057414816115982384,0.22254164219564695,0.07622681521237903,0.2109575059531369,-0.10857484059353459,-2.9761534624222173e-05,0.17624385730718595,-0.022278170781393866,-0.07079933548639465,-0.10536082465031399,-0.10738778136044547,0.27456676008038616,-0.06837511657842418,0.10322181910617674,0.02945209266706636,0.0,0.18866360900425483,-0.18430253250168982,-0.0092558784118741,-0.49135803435146497,-0.1812185963032509,0.0,0.3970614983247676,0.42682821786590924,0.1305232821925913,0.12015803392382444,-0.06673338245435091,0.7860453514278858,-0.11109498901954545,0.38640341165639436
BAKE,-0.0,-0.0,-0.0,-0.0,-0.0,-0.0,0.0,0.0,0.0,0.0,0.0,0.0,0.0,0.0,0.0,0.0,0.0,0.0,0.0,0.0,0.0,0.0,0.0,0.0,0.0,0.0,0.0,0.0,0.0,0.0,0.0,0.0,0.0,0.0,0.0,0.0,0.0,0.0,0.0,0.0,0.0,0.0,0.0,0.0,0.0,0.0,0.0,0.0,0.0,0.0,0.0,0.0,0.0,0.0,0.0,0.0,0.0,0.0,0.0,0.0,0.0,0.0,0.0,0.0,0.0,0.0,0.0,0.0,0.0,0.0,0.0,0.0
GRT,0.2522048421498751,0.24100582285516525,0.1318836631153283,0.0018352053833552637,0.3067138111513614,0.0020630800700447167,-0.0,0.0,-0.13940549934569563,0.022663221223646765,0.1541569931254535,0.11316278899956561,0.3006423587224979,-0.2548058587066552,0.43865698137772585,-0.026170853127814003,-0.03795001433861747,0.03703371910740243,-0.08385067827911555,0.06578475395219259,0.3973802652091863,0.0,0.06144132377253139,-0.019245851861865476,-0.0939265336993898,-0.22519787528186067,0.15047853390404653,0.19629517386108666,-0.04624357426100324,0.3544523317160338,-0.1449189754822765,-0.19678120808045016,0.14774806106600183,0.16239947000452193,0.024228820416476365,-0.19397082401363253,0.1790757777009949,0.0,0.20168112829155543,0.25321733564623466,0.26617474546379544,0.21421856693987662,0.010259213855103963,0.1026149087353572,0.09022642587467952,0.07513411334423628,-0.2551827343499137,0.18180852429580735,-0.03609656853367217,-0.0839040972152372,0.1667498486472886,-0.18703067998731168,0.16643382883817925,0.2712999336434538,0.03884773881176362,0.08447742589508887,0.10021579002864234,0.0,-0.23151670190614307,-0.3422374307955371,0.22964038653142244,-0.42780274723379696,0.2892699122811767,0.0,-0.006109620718765682,0.18882324026295824,-0.16744261210113331,-0.21536791307454733,0.039629923256605054,0.5203013678790309,-0.28407007967431924,0.39370917589185683
REEF,0.18978482399858135,-0.21755698825569314,-0.10221455580957779,0.0399852948999079,-0.4296750942879728,-0.38009144944329915,-0.0,0.13940549934569563,0.0,-0.6631490627528102,0.31465231597032395,-0.23888270662675393,-0.29461987298489434,-0.43830793457298645,-0.23550437443422326,-0.307200405657641,-0.30772459284141335,-0.19220346629714766,-0.1317699687820649,-0.22828418826048213,-0.04986021894564793,0.0,-0.46089175674726524,-0.23293308536646037,-0.2601564075680869,-0.5510233347087443,-0.4677386164548649,0.03611093030512623,-0.35718790605311246,0.1751176971573633,-0.2084502869685036,-0.3246819619368571,-0.13644777626827545,-0.3008346584480477,-0.27635088915442074,-0.4009638645289074,-0.3366785028637409,0.0,-0.11832297634872607,-0.03752595602106845,-0.38972567246531314,-0.45622394825303214,-0.1310203221835225,-0.12573216765584277,-0.34802375422688697,-0.2515950150676357,-0.44664629081225127,-0.08387550783330103,-0.18921575336484464,-0.1604142307232016,-0.2759921593242284,-0.5518117960510857,-0.3222588306796663,-0.1081639536624491,0.1025324739742056,-0.20959295362270292,-0.11432507161959674,0.0,0.12366155900872429,-0.20049199247627408,-0.3904492646314702,-0.18261123910208396,-0.5075155135366551,0.0,-0.21747414093936424,-0.3834674378923517,-0.2931444070982544,-0.37424764464037846,-0.14091563327231746,0.08440293238592741,0.3741751826351726,-0.06495893399683322
INJ,0.001665469271940473,0.5925245217899945,0.21254009785793865,0.2497506671598046,0.3592908017803422,0.2278759344409531,-0.0,-0.022663221223646765,0.6631490627528102,0.0,0.01158420739468835,0.41453813830545666,0.24258219114393684,0.4299864365141959,0.45642789872764006,0.08591678993097909,0.3368723262879919,0.03723149047188308,0.3121606929720635,0.23387887335143487,0.160671198272532,0.0,0.22155407065358268,0.4000293839584579,0.3540998821447225,0.15758866151260503,0.15308565722019396,0.09018941128035315,0.45780416191997664,0.1743841351121847,0.11617160020393896,0.1754548933134934,0.2834195443340265,0.3740239486227298,0.15011794265284717,0.28290898905480377,0.044096690936034105,0.0,-0.11463080127470737,0.07184332792912851,0.1448217458547244,0.19656184528285303,0.04313501166589788,0.02105696479895086,0.24920179391065156,0.3317079197801093,0.2899452563319843,0.25407169719513606,0.060312117942313226,0.10709805540845646,-0.11941592600990879,-0.06119660640299457,0.14148529956863704,0.13320100331510612,-0.024863927013873688,0.23956203900414436,0.0228245466088223,0.0,0.25515025050945317,-0.0026846104054913944,0.003463810241824322,0.10061238815142748,0.534607099754898,0.0,0.08816102605884435,0.16421421212342413,0.38267585498361134,0.29886585443567487,-0.02471149481058471,0.18832454361414205,-0.4474425829660831,0.4564366384693115
FIL,-0.10369299461265233,-0.07417677562601493,-0.0029516443744977416,-0.15616331809248973,-0.020436900445063425,-0.5657726171366743,-0.0,-0.1541569931254535,-0.31465231597032395,-0.01158420739468835,0.0,-0.016720867808353634,-0.17645022045707404,-0.31881891998855383,-0.3025872550593358,-0.014636576137807793,-0.1770244112355377,-0.06528645392184354,-0.09586611512717148,-0.21433423299989823,0.24413885017942727,0.0,-0.19025734632129157,-0.23891560253992467,-0.3393819947800542,-0.2742113635042294,-0.14846218218512622,0.055679003142827685,-0.412016170349511,0.3421683573117121,-0.44498491707042764,-0.09454585188162652,-0.17114680819248645,-0.25194497238625524,-0.14853933151686916,-0.3114261288039079,-0.12579834891707728,0.0,0.10206247697729831,0.07395797541366993,-0.09678449510410934,-0.1306706681767591,-0.19430579397147568,0.15352395346179395,-0.32945671439026003,-0.020845127678830056,-0.3306700462240181,-0.10797186519593426,-0.23217352952581277,-0.07908632328015522,0.0655525564423487,-0.34524713900114834,0.026022239348593157,-0.16102834376688635,-0.09710991288471855,0.06183571408625946,-0.17386052128133705,0.0,-0.16536362417927636,-0.5230485046442853,0.09606275573977147,-0.8588774393040685,0.003259106316481089,0.0,0.09310581091493991,-0.16648269547664382,-0.4204778663883605,-0.20653972804957138,-0.28634614527528085,0.5301197321414485,-0.36233932104884453,0.08911367433218947
MATIC,-0.024965627389934006,0.03323945503981071,-0.3891904894782544,-0.3310959216373855,-0.19604870902664875,-0.20279857092821993,-0.0,-0.11316278899956561,0.23888270662675393,-0.41453813830545666,0.016720867808353634,0.0,-0.09693040475252124,0.060024993747422345,0.23922142094543447,-0.13867083972503166,-0.35299078835315634,-0.031209754894110292,-0.411965282405211,0.12010033314643583,0.1833897510490297,0.0,-0.03498216804190846,-0.22482808586894173,-0.08978333070343267,-0.5531036085527281,0.07235057490336795,0.3976810535099615,0.001778191140324334,0.04657827362580421,-0.5607894324300857,-0.18567492417876164,-0.006390008473362047,-0.09414332252969868,-0.030290838321595247,-0.2590517685863753,-0.10556032919166893,0.0,0.1958475588839484,-0.07286661482395966,-0.24565471042484252,-0.26108645681118337,-0.2407090757460544,0.05830970106030067,-0.2115593984131832,-0.19412234750676813,-0.20682444034442965,0.17343792584542878,-0.17441243403883314,0.0400969883042782,-0.351976539518759,-0.19902876994892155,-0.5051333422677741,0.06614004793380573,-0.3166445292523807,-0.14320147984939846,-0.21360005436013996,0.0,-0.04440731000416111,-0.03150860524489667,-0.19731419072065567,-0.5207576804675731,-0.4229726008756721,0.0,0.3299240606242109,-0.01648364206621608,-0.08020193868250168,0.11440824823929342,-0.18427415042662773,0.26890327168669986,-0.21536839890904205,0.025618195601964544
BCH,-0.13499000415422113,0.06782969690595925,-0.12278162389510311,-0.340078115630052,0.05607816247542097,-0.5499128648510898,-0.0,-0.3006423587224979,0.29461987298489434,-0.24258219114393684,0.17645022045707404,0.09693040475252124,0.0,-0.2662926965322251,-0.25333840114430617,-0.0967125649975776,-0.4746124058473465,-0.1761162290637291,-0.14296667196997773,-0.10182308686020997,0.524036189598284,0.0,-0.040564107977001815,-0.15386352068829678,-0.017310367205814137,-0.21276900120398715,-0.32644682871341174,-0.3572796940600438,-0.054318550236946046,0.14679666298921346,-0.43585291111420466,-0.2772468101022607,-0.0741052724522416,0.27945249337267003,-0.2609298421125445,-0.0912920718870881,0.09538498394733749,0.0,-0.24217809995206485,-0.07245984933551161,-0.2698779786995494,-0.22838393632931708,-0.17999807857731298,-0.1603741203526418,-0.11973237506384873,-0.049354819134606154,-0.3473824137734389,-0.19393117952875358,-0.2718401261632631,-0.1125821176647237,-0.13694154228265448,-0.34577088679374174,-0.2691186913615579,-0.2687735425724754,-0.2084089966373134,0.024895353817953613,-0.16091222233483238,0.0,-0.02174633671726349,-0.33094296400849976,-0.3024559248704794,-0.8235569540727492,-0.28380234193237064,0.0,0.13111118694729246,-0.10983846688266502,-0.10335721013719797,0.03595514450530718,-0.25795248627116496,0.6045282084085175,-0.24836753154567262,0.12170638116390581
IOST,0.06970694968876609,0.16459131822131,0.17673815382397448,-0.0043330898024556835,-0.027707286002196452,0.08845966998457232,-0.0,0.2548058587066552,0.43830793457298645,-0.4299864365141959,0.31881891998855383,-0.060024993747422345,0.2662926965322251,0.0,0.15334264566299335,-0.07683444950894108,-0.3911500259270245,0.2298401213428805,0.20629955628640534,0.384807572336813,0.30578752977551266,0.0,0.17633345250829652,-0.04819395812265381,0.17314799341807152,-0.042109540163844286,-0.19720240113157733,-0.013455436475974511,0.34874189776717446,0.18595153023372982,0.11685255568146068,-0.1484481219630946,0.38079851456530583,0.32901940498836457,-0.4421454638987789,0.1845686238355997,0.1807629516605447,0.0,-0.1586999584088874,0.21637385784710847,-0.10560306524305561,0.05756063517933577,-0.0819076815311567,0.012083789866680315,0.022213642631297048,0.2618358882989611,0.06583132272915733,-0.029009078807298944,-0.013459489549691783,0.17961443596037308,-0.1803057441491873,0.018840997268933388,-0.07524277345280031,0.2152365769899958,0.09880243121129231,-0.07523614407453438,0.030117331643365913,0.0,0.010385191141533301,-0.037513153533417054,-0.43114686011937947,0.1497652724170504,-0.27024002050335727,0.0,-0.16053142601357176,0.28187286091107483,0.47678665920209157,0.23515508625029413,-0.0720821810591803,0.2700404838658772,-0.023360807764510133,0.09620669517803022
CHR,-0.023440405311529175,0.5025071859452779,-0.10947761839688322,-0.13673235085234942,0.03756214222476496,-0.18246303849829723,-0.0,-0.43865698137772585,0.23550437443422326,-0.45642789872764006,0.3025872550593358,-0.23922142094543447,0.25333840114430617,-0.15334264566299335,0.0,0.0919941470073424,-0.35827983946346165,-0.25055405393078856,-0.3946470048492925,-0.03669748368495475,0.5626045979096854,0.0,0.03697198647282578,-0.00735554712044046,0.02316990314441976,-0.3884899786106295,-0.0346524865193137,-0.20111875171402183,0.14517273226444308,-0.22256285303003992,-0.36961971925126286,-0.5578479970215936,0.07286431886448674,0.49866046631499716,-0.30809103218980105,-0.11629775338166058,0.21785637707242372,0.0,-0.19372424929697593,0.03400662919883786,-0.06916150511353142,-0.36921435089211857,-0.054855729249224244,-0.13298864380727068,-0.06137960002954414,-0.1136010716792557,-0.39629568699500484,0.12253478157145226,-0.1642482194024278,-0.3218246780611055,-0.14351193594185085,-0.09063994458307761,-0.4953145659571875,0.22701241660216967,-0.19058262338925752,-0.1908638948117573,-0.009520313172115758,0.0,0.06276876555869557,-0.2700726188034972,-0.22790840154645287,-0.6953553735471292,-0.38694538411866203,0.0,-0.17191831965454668,0.13178279904816695,-0.1318830693752308,-0.07727434488705077,0.37201042208404467,0.46393713615913357,0.10850019801724506,0.08450597694844948
EGLD,-0.1474965988234444,-0.09137712415656611,-0.17179188163743836,-0.1789429827131816,-0.20224607236147635,-0.002967711217953223,-0.0,0.026170853127814003,0.307200405657641,-0.08591678993097909,0.014636576137807793,0.13867083972503166,0.0967125649975776,0.07683444950894108,-0.0919941470073424,0.0,-0.1542278024373274,0.052598532985551186,-0.11341130183397803,0.04975432017810574,0.18160756863573,0.0,0.004823951325114498,-0.05394271330978261,-0.09704053447833531,-0.5262679582039516,0.19208023225834814,-0.23061848142563435,-0.17293717963048036,0.29420944291273543,-0.21904265644918783,-0.31597816455934213,0.0727261169037501,-0.047407386678304124,7.841930098941019e-05,-0.5920209569317544,-0.10673313185161258,0.0,-0.07351503613799769,-0.1123735596467121,-0.10111543319324935,-0.058914719709848545,0.14390143949647655,0.06633308627334243,-0.1368750269880736,-0.081673072699831,-0.2541086211304916,-0.3867729376072655,-0.2275872916606457,-0.43211607599794494,-0.3328721797990383,-0.4666069215599584,0.12261606733921429,0.18303039464011578,-0.2007570216945307,0.20394138106230636,-0.04544261391980713,0.0,0.020395200453851268,-0.10362521041341086,0.20845597553869083,-0.22744550466708618,-0.041426279001206226,0.0,0.3101425734236764,-0.10242102686030989,0.0634016484005746,-0.6431357033285208,0.1483131281965536,0.34923057479898434,0.21901794754639978,-0.006680179824314597
HBAR,-0.1352046878593438,0.22116629312646713,0.25795874982844164,0.3660859154666507,-0.007934833712698111,0.48343442258205355,-0.0,0.03795001433861747,0.30772459284141335,-0.3368723262879919,0.1770244112355377,0.35299078835315634,0.4746124058473465,0.3911500259270245,0.35827983946346165,0.1542278024373274,0.0,0.11436482314087756,0.47904779985752405,0.37229903750136617,0.026618136540386278,0.0,0.30438292664141336,0.4677543004640633,0.13236954850296148,-0.14797565735753362,0.20799233802717382,0.1080651536335739,0.25491694294648215,0.5127977793336712,0.1886565949351765,-0.27621418767046524,0.43448482908750996,0.25807192484741565,-0.5746976557500002,-0.10677722715240393,-0.11067925583843169,0.0,-0.3209905076230408,0.15113580903537727,0.15081192327354767,-0.045790701908672016,0.12425294876028159,0.1760169994026894,0.2387350937797281,0.24800202837472307,0.11745421153425578,0.22085804284226812,0.05565817790342656,0.1302054533327131,-0.3211983107624622,0.17674476738572956,0.3281709691589092,0.3575259192900101,0.15528211396160596,0.45842009456496025,0.22648242443303784,0.0,0.4398676505679818,-0.055072391288712164,-0.07913320984332745,0.3042219755716227,-0.22948239351645508,0.0,-0.40317033289364385,0.36104940131118957,0.09589723472659366,-0.20791558018199577,0.029095435723331925,-0.005151124500915802,0.5714095841865381,0.3711759187541398
ZIL,0.013086386950294921,0.14681604532005538,-0.055026673773363094,-0.07154361188281191,0.07523206019851003,-0.14856030829094208,-0.0,-0.03703371910740243,0.19220346629714766,-0.03723149047188308,0.06528645392184354,0.031209754894110292,0.1761162290637291,-0.2298401213428805,0.25055405393078856,-0.052598532985551186,-0.11436482314087756,0.0,-0.17329112701325872,0.13403303125122484,0.30841616462850896,0.0,-0.03385001835836837,-0.11930737326272033,-0.2146836284099866,-0.30179336300091664,0.03215292730063446,0.13622773689847475,-0.1832652574854649,0.4002391967611818,-0.3954915664002582,-0.1541797850872733,-0.042085926506902835,0.04385034866698906,-0.11350251711968394,-0.37528596562924166,-0.009420577858291534,0.0,0.12444191593762723,0.05133719151611621,0.020908122053097646,0.03031817546432497,-0.21405477666465408,0.13919681345716498,0.10345444896061018,-0.1394201072593204,-0.24917859111391297,-0.10645098149705631,-0.031220670453302485,-0.0308518025148158,-0.1402093812384094,-0.32159276468109294,0.016741387892149684,-0.004362325368182429,-0.052979732103197605,-0.08404159477684454,-0.03113464815357428,0.0,-0.08430505202794233,-0.32948161643674323,0.06580989935099224,-0.46354179654247096,0.015584032921222438,0.0,0.3763926132620392,-0.08823411829030942,-0.28530574823186206,-0.2473403662325959,-0.2955143386501731,0.36144664880558514,-0.2746870205704092,0.19615064280419825
ALGO,0.09072818886153347,0.08553692103014243,0.03973161974449607,-0.19955489442192417,-0.04346561750135827,0.023070125721360822,-0.0,0.08385067827911555,0.1317699687820649,-0.3121606929720635,0.09586611512717148,0.411965282405211,0.14296667196997773,-0.20629955628640534,0.3946470048492925,0.11341130183397803,-0.47904779985752405,0.17329112701325872,0.0,0.1816599606069791,0.2987522227145568,0.0,0.14920394850649898,-0.005627118951179413,-0.09463567737139206,-0.3706848537124317,-0.040436123420471023,0.4130569380562008,0.024916558223506486,0.6268499852625432,-0.22522849724317148,-0.3521698026074158,0.22707631211718377,-0.020741375356325115,-0.25538554315104633,-0.24867816981292087,-0.09319603693127188,0.0,0.06950667263140982,0.2691094302870494,-0.09456049743363587,0.0002642444382911502,0.099700214694194,0.22297682859577886,-0.20427346647023747,0.09646847635297373,-0.2215014652331092,0.0531713196892177,-0.03099056063450325,0.32435346995771597,-0.19648152062398933,-0.31260377057812516,-0.10035367141835962,-0.08545054037110128,0.1219126009299544,0.11532715668060532,-0.18780487562437692,0.0,0.1278826755776406,-0.24633100017466522,-0.14494106913039217,-0.5575548495751882,-0.3767058225481158,0.0,0.3923314771737515,0.029329224785756225,-0.15539923671854433,0.03933271042055635,-0.612233812414045,0.54476846371234,-0.18457038326212713,0.2852843048452909
DENT,-0.145800911442582,-0.09680584827010341,-0.1947262189151025,-0.1595732143064221,-0.12344397144981674,-0.38765474530307165,-0.0,-0.06578475395219259,0.22828418826048213,-0.23387887335143487,0.21433423299989823,-0.12010033314643583,0.10182308686020997,-0.384807572336813,0.03669748368495475,-0.04975432017810574,-0.37229903750136617,-0.13403303125122484,-0.1816599606069791,0.0,0.41124078363455324,0.0,-0.03892940484037012,-0.2711586229137415,-0.15286819220023326,-0.059889991487567004,-0.4839792733315072,-0.13714690340979488,-0.1738432961436536,0.2144348517910294,-0.3763813002890619,-0.05834448806767368,-0.1436605285135026,0.21202633252173342,-0.5583764883607335,-0.13165411698171836,0.07651764642920067,0.0,-0.264155705609592,-0.023094239336106895,-0.2965604451380176,-0.17778325453061694,-0.3307534691780645,-0.10825417526264726,-0.14909672088600118,-0.17767680649786194,-0.39384271199628124,-0.4492564579257262,-0.101935747493697,-0.0938694663738826,-0.2678181255116811,-0.4047771102464374,-0.22456887232628184,-0.3234084182923897,-0.04663172473310981,-0.38499452877278517,-0.23697943335530355,0.0,0.013978423109119835,-0.24125942302018688,-0.45451910201832463,-0.3754251284941996,-0.24627728707078989,0.0,0.26861609046258994,-0.26812022965836646,-0.35220632432540994,-0.02902749549204192,-0.5631164935236836,0.2416997372704916,-0.1289104525740263,-0.04646741486689224
DASH,-0.3580514330540757,-0.051491628138665396,-0.20096741045378985,-0.31500474722355354,-0.18881752424996046,-0.8480006571948957,-0.0,-0.3973802652091863,0.04986021894564793,-0.160671198272532,-0.24413885017942727,-0.1833897510490297,-0.524036189598284,-0.30578752977551266,-0.5626045979096854,-0.18160756863573,-0.026618136540386278,-0.30841616462850896,-0.2987522227145568,-0.41124078363455324,0.0,0.0,-0.4736806967997405,-0.4469325157189046,-0.4791728910322049,-0.25606333587574415,-0.48111388635763486,-0.40722790136340725,-0.49009478996623024,-0.02065212231197816,-0.6041657535069315,-0.24218497314515094,-0.5226068831050869,-0.2964710725167371,-0.2212581758703693,-0.3150423508399355,-0.1669410828278709,0.0,-0.2146171701496067,-0.36340501051934654,-0.4226486799334359,-0.24112933719872093,-0.3585955053744594,-0.2323630444569425,-0.1494723182798657,-0.35465304948861553,-0.3539995928945462,-0.24369972911492324,-0.5145784151226447,-0.20862798691622772,-0.002071119373588684,-0.4601736820936564,-0.19017771134749328,-0.6118958341947958,-0.28442791254953576,-0.16218911181510662,-0.20653176393215222,0.0,-0.27132421443780175,-0.6427677845581087,-0.21775811822099023,-0.8211040604521305,-0.12604057385015757,0.0,0.05029557099493591,-0.48263585439255097,-0.4093009770104923,-0.1831138632860848,-0.2684372223222476,0.16053844710207327,-0.3238900156443585,-0.22369359827132626
ALICE,-0.0,-0.0,-0.0,-0.0,-0.0,-0.0,-0.0,-0.0,-0.0,-0.0,-0.0,-0.0,-0.0,-0.0,-0.0,-0.0,-0.0,-0.0,-0.0,-0.0,-0.0,0.0,0.0,0.0,0.0,0.0,0.0,0.0,0.0,0.0,0.0,0.0,0.0,0.0,0.0,0.0,0.0,0.0,0.0,0.0,0.0,0.0,0.0,0.0,0.0,0.0,0.0,0.0,0.0,0.0,0.0,0.0,0.0,0.0,0.0,0.0,0.0,0.0,0.0,0.0,0.0,0.0,0.0,0.0,0.0,0.0,0.0,0.0,0.0,0.0,0.0,0.0
IOTA,-0.07288079529202443,0.07005851390270199,-0.14881204668556877,-0.24782011394532089,0.018271851328318774,-0.395999704358097,-0.0,-0.06144132377253139,0.46089175674726524,-0.22155407065358268,0.19025734632129157,0.03498216804190846,0.040564107977001815,-0.17633345250829652,-0.03697198647282578,-0.004823951325114498,-0.30438292664141336,0.03385001835836837,-0.14920394850649898,0.03892940484037012,0.4736806967997405,-0.0,0.0,-0.15739893130856278,-0.01816929442583111,-0.2917512453944404,-0.250313770469714,-0.08147351664081376,0.03384688582620697,0.27294669698812585,-0.4535103313511262,-0.4046305283511636,0.0024895139058386563,0.19642452684507994,-0.16289120431433893,-0.19280136158215155,0.06378053179361656,0.0,-0.09587205582310485,-0.02406349876558206,-0.21212160571061145,-0.030958379115045204,-0.19586721105858565,-0.05645173897813677,-0.027229538159195637,-0.08682371663695833,-0.22230737447522567,-0.15125418041996447,-0.26062763525102606,0.02553619045619973,-0.14124735881470918,-0.3149933818166375,-0.016743940779597455,-0.09204999266913205,-0.1309292274825975,-0.06396726190235978,-0.11938452878864365,0.0,-0.13763374292634267,-0.23102662543162214,-0.12275841285580155,-0.6219745095711773,-0.14957275457740357,0.0,0.24245228172919608,-0.21134362434421586,-0.042789951190357944,0.057700205217728895,-0.3169730565849732,0.5525499553450512,-0.35812507061440113,0.17224700385821864
LINK,0.11178280563718804,0.24578201557536092,0.019297689826402203,-0.09690971175758992,0.06615001841124858,-0.08928063899270436,-0.0,0.019245851861865476,0.23293308536646037,-0.4000293839584579,0.23891560253992467,0.22482808586894173,0.15386352068829678,0.04819395812265381,0.00735554712044046,0.05394271330978261,-0.4677543004640633,0.11930737326272033,0.005627118951179413,0.2711586229137415,0.4469325157189046,-0.0,0.15739893130856278,0.0,0.035173438022305284,-0.38857851872960786,0.10728418021121909,0.16983102405090955,0.20555831193290564,0.5283735628885222,-0.27757307185012764,-0.030211663664287444,0.34909615806100613,0.1637484100383299,-0.0892438125556155,-0.009818461418239749,0.11640114488282297,0.0,0.1978504542399288,0.32367574810913674,-0.02025406364353563,-0.186924460500846,-0.016184087614819848,0.26174485280239224,-0.24713690553787365,0.30400679626108595,-0.031666717191464785,0.26154226207228143,-0.010137215409905094,0.1116382628588973,-0.1633928187236784,-0.27542405230417605,-0.27809257030559276,0.13121106797293164,-0.042355321027009576,0.07798062483098789,-0.17868541935742732,0.0,0.19764986744277924,-0.5072635196522062,-0.15191894426996197,-0.6009635786105486,-0.2548535695067651,0.0,0.31754058718267986,0.31760437458485946,0.17998370045639206,0.20358584573103533,-0.15119108416799232,0.69974905040994,-0.2296442475411647,0.2808716441156608
XTZ,0.17432875086030863,0.38044455754599216,0.00578153787562577,0.021588828898600004,0.12979452572125721,-0.26276751423940503,-0.0,0.0939265336993898,0.2601564075680869,-0.3540998821447225,0.3393819947800542,0.08978333070343267,0.017310367205814137,-0.17314799341807152,-0.02316990314441976,0.09704053447833531,-0.13236954850296148,0.2146836284099866,0.09463567737139206,0.15286819220023326,0.4791728910322049,-0.0,0.01816929442583111,-0.035173438022305284,0.0,-0.2638049603001303,0.008961123612339018,0.09383983971794985,0.0772840918383116,0.33400720655815663,-0.23231497147914754,-0.16872746471487576,0.14833377502681133,0.16377131120366148,-0.03298608559974517,-0.03446844438764521,0.18369127255172538,0.0,0.19152412096333737,0.2539936311708248,-0.03867008228844616,0.010992527389072942,0.027651737729487112,0.08279609553283888,0.004838618974359071,0.12827209057891137,-0.05526286360681684,0.3197609861347327,-0.10563090495919175,0.027880886031136098,0.11728157527444849,-0.15392154451077966,-0.001226320597445485,0.2058226582486054,0.07723490313768003,0.009222893879454415,0.02184267753992733,0.0,-0.06439438058586237,-0.6344678511893307,0.07029442575156633,-0.5658453508725018,0.00930157567416183,0.0,0.20813847176052683,0.12082244166141606,0.01600772063935052,0.1285005843448273,0.03218921284190801,0.6785594227058631,-0.4687281556370986,0.4135176509122905
LRC,0.18206674468581965,0.45527358236104903,0.24152152719835202,0.23454938148068427,0.17412454975225447,0.2524688969589519,-0.0,0.22519787528186067,0.5510233347087443,-0.15758866151260503,0.2742113635042294,0.5531036085527281,0.21276900120398715,0.042109540163844286,0.3884899786106295,0.5262679582039516,0.14797565735753362,0.30179336300091664,0.3706848537124317,0.059889991487567004,0.25606333587574415,-0.0,0.2917512453944404,0.38857851872960786,0.2638049603001303,0.0,0.022125758101531973,0.13330526405914683,0.3206297320000703,0.3620500335174563,0.27215701047281476,-0.5972579281215165,0.29792407490812833,0.3180315601625969,-0.13751491353268908,-0.03072738052888875,0.023373056105174178,0.0,-0.17377533905390766,0.23133365424993538,0.062088202255730085,0.2646329835462554,0.5403063373736848,0.03003371394123054,0.19446585469486127,0.20388620304678728,0.0565783212327715,0.11290138902282554,0.018323416405234244,0.17985431610186295,0.028165411329678904,-0.060528551367858924,0.41990005439992467,0.10696740805461533,0.3338552635960009,0.4173902880285234,0.18838117711315597,0.0,0.23119775746015828,-0.0180743510316676,0.24950149003312178,-0.005336229114520419,0.07862038902821197,0.0,0.007322105865135042,-0.06712900235119361,0.12161970807338182,0.03392873286559729,0.007974551461015583,0.3927838627564857,-0.058010506457312885,0.39006270108622465
ONE,-0.17984115697537492,0.09359860942423445,-0.17393656371603872,-0.0700077756679421,0.15359339247495266,-0.14399902783437207,-0.0,-0.15047853390404653,0.4677386164548649,-0.15308565722019396,0.14846218218512622,-0.07235057490336795,0.32644682871341174,0.19720240113157733,0.0346524865193137,-0.19208023225834814,-0.20799233802717382,-0.03215292730063446,0.040436123420471023,0.4839792733315072,0.48111388635763486,-0.0,0.250313770469714,-0.10728418021121909,-0.008961123612339018,-0.022125758101531973,0.0,-0.24283897372450844,0.23476687942424945,0.18081902897514598,-0.3440703019343256,0.19368296344609065,0.2006101023695933,0.41016817401472516,-0.36808326183065043,0.20576626729569075,0.18225268397164468,0.0,-0.10280996417032127,0.1073157520877795,-0.06256009443517896,-0.08550895432972963,-0.3623557001671439,0.07446773171826554,-0.10193306708344854,0.1770365849600058,0.0698697462607375,-0.05700119800134089,-0.1403575458316117,0.036075633155821116,-0.29020603732707406,-0.19790339056094636,-0.14222119728715063,0.18456981280674256,-0.15798595437816748,-0.0018965075917519725,-0.32315956396341944,0.0,0.10569702383885143,-0.3993929901704675,-0.31157823060858,-0.23486839566647763,-0.013488667929622208,0.0,0.29833356274693834,0.23795308232153248,0.11186810417925941,0.17171015117474936,-0.2159553395840992,0.3681233507300725,-0.13089312862258917,0.15902093717989071
SXP,-0.3693027155191556,0.24579740614767975,0.01905765534203746,-0.1501594794025498,0.092397412968872,-0.039189360955084046,-0.0,-0.19629517386108666,-0.03611093030512623,-0.09018941128035315,-0.055679003142827685,-0.3976810535099615,0.3572796940600438,0.013455436475974511,0.20111875171402183,0.23061848142563435,-0.1080651536335739,-0.13622773689847475,-0.4130569380562008,0.13714690340979488,0.40722790136340725,-0.0,0.08147351664081376,-0.16983102405090955,-0.09383983971794985,-0.13330526405914683,0.24283897372450844,0.0,0.04768190894970913,-0.09710755382263034,-0.31759777484389873,-0.2532273651185575,0.140950897996173,0.40702372041586,-0.5815970715448839,-0.14627308223831842,0.18005674651673856,0.0,-0.12749765586073886,-0.12168984949095255,0.14341625494804003,-0.12946064759510176,-0.1341669602506439,0.06716532421909145,-0.048489372964917746,0.12551141177842312,-0.28557963936541336,0.10523247008726111,-0.2423335334767823,-0.3993690323538226,-0.22311915192439816,0.009175738747340241,-0.41687892635690077,0.28432611423284354,-0.23849234637442754,-0.38621219690965386,0.08407845113924005,0.0,-0.27432212651697885,-0.5022489316029947,-0.11495469198977748,-0.4625422922022546,-0.08270281304226573,0.0,-0.12901976937929033,0.18779471256819008,0.041037513260015125,-0.1660714743746641,0.4153223941853023,0.45368264437569694,-0.08781452303337929,0.09125102483384437
KAVA,0.13316071796289264,0.34923575647917643,0.017647573073812983,0.0015408915553220583,0.013737099284542031,-0.28515205633522955,-0.0,0.04624357426100324,0.35718790605311246,-0.45780416191997664,0.412016170349511,-0.001778191140324334,0.054318550236946046,-0.34874189776717446,-0.14517273226444308,0.17293717963048036,-0.25491694294648215,0.1832652574854649,-0.024916558223506486,0.1738432961436536,0.49009478996623024,-0.0,-0.03384688582620697,-0.20555831193290564,-0.0772840918383116,-0.3206297320000703,-0.23476687942424945,-0.04768190894970913,0.0,0.3816081174161804,-0.18565282813474604,-0.1710842930649713,0.05468167813992952,0.18772105255752242,-0.14795028352789424,-0.1520677864794041,0.20905639942535895,0.0,0.11612380574756259,0.20801372197322687,-0.14438637060702783,-0.09132741428939314,-0.01229017696653896,0.07326978226377558,-0.06784182151302899,-0.05234100485932247,-0.2014845382340011,-0.11324099969458895,-0.014212099651876989,-0.04673122688160454,-0.03278124756196467,-0.36061186273050716,-0.052651407701669775,0.014557960739176867,0.05007018873697504,-0.16786507191001251,-0.07135715318967195,0.0,-0.06616530790788881,-0.42129977239320265,-0.05970379151888363,-0.4530356071805995,-0.09602027556943012,0.0,0.3003988285807468,0.025165877792857852,-0.07641910719450606,-0.015348460775149037,-0.15466101069891783,0.5294336767951144,-0.2929663592355676,0.04787013496632573
AXS,-0.32206665347411345,-0.5329642624134155,-0.4649382911647408,-0.6823800786987004,-0.18787978694344976,-0.42706208660289935,-0.0,-0.3544523317160338,-0.1751176971573633,-0.1743841351121847,-0.3421683573117121,-0.04657827362580421,-0.14679666298921346,-0.18595153023372982,0.22256285303003992,-0.29420944291273543,-0.5127977793336712,-0.4002391967611818,-0.6268499852625432,-0.2144348517910294,0.02065212231197816,-0.0,-0.27294669698812585,-0.5283735628885222,-0.33400720655815663,-0.3620500335174563,-0.18081902897514598,0.09710755382263034,-0.3816081174161804,0.0,-0.6220169393444852,-0.16933852073993175,-0.34183436756905894,-0.19408084472102227,-0.4324950034495183,-0.38937918964790125,-0.3465298200972623,0.0,-0.1717765794040363,-0.5062782049532973,-0.36232370570302574,-0.2571713541779261,-0.37597462619282107,-0.28435690542709635,-0.47302429599135576,-0.3911448053455221,-0.6447239539388141,-0.1080166932617992,-0.44762485188069673,-0.18284865480766405,-0.4753073470770301,-0.47942291001919846,-0.5517546336425281,-0.1914678391693308,-0.4331431994942731,-0.2374894283064151,-0.35434703109557913,0.0,-0.3994292741850876,0.12645966834691053,-0.3725845955714186,-0.6488486747062647,-0.4152514393449676,0.0,0.028641166656447073,-0.3505975621342693,-0.358048339152006,-0.23037760785011308,-0.3023251920431289,0.11303553450119468,-0.0943489316090059,-0.22513162660250874
