,ROSE,ANKR,VET,NEAR,ETH,EOS,BAKE,GRT,REEF,INJ,FIL,MATIC,BCH,IOST,CHR,EGLD,HBAR,ZIL,ALGO,DENT,DASH,ALICE,IOTA,LINK,XTZ,LRC,ONE,SXP,KAVA,AXS,ADA,SOL,ONT,ETC,MANA,SNX,ZEC,CFX,YFI,WAVES,LTC,CHZ,XLM,COTI,DOT,OMG,SUSHI,FTM,BNB,UNI,STX,RUNE,THETA,HOT,1INCH,FET,KSM,SLP,CRV,IOTX,BTC,AVAX,ENJ,CAKE,XRP,TRX,ATOM,AAVE,DOGE,NEO,SAND,QTUM
ROSE,0.0,0.2421252205557255,0.1643799514995101,0.1264602360878014,0.029224341679691873,0.18754214972482444,0.1014484320842093,0.008146022522972918,0.13517518276633655,0.2628825963351332,0.1638852474830114,0.03466529785703726,0.17253374075425965,0.26487003777851476,-0.18520788246564474,0.049442541519577804,0.08034421980673909,0.15922280760543625,0.20343407727064236,0.26562135866019015,0.20292150158041075,-0.15172857984689755,0.17188248440994275,0.01848239138741567,0.03548588865512081,0.19712472796195132,0.2456113623180267,0.15262989040162395,0.05000318772622134,0.08092594349295155,0.09020763278278428,0.14830683670619055,0.2636922515279173,0.029570703423489428,0.15029129292053706,0.19119294052829183,0.1784321073664767,0.26388385069547143,-0.07040794742806153,-0.03971331483916288,0.08333227423237623,0.12238985223336965,0.19446838260337426,0.11475970564677304,0.15497812093151103,0.1035070701482442,0.14569248726821815,0.1612811279435327,-0.0035272689371754623,0.22495644290226446,0.043030375880901486,-0.07895957746526071,0.021301055141189087,0.2673131480148094,0.11183379787333658,0.027342262093792535,0.07945499417024904,-0.09590916090006699,-0.17482643740946702,0.4248603051579578,0.013361869428535372,0.19614859035536317,0.10081680434897716,0.3260818104908439,0.09156948320817326,-0.07577875569044251,0.1503179244903051,-0.0007044386800700575,0.15087362758658446,0.17011308380803003,0.10442650427853906,0.2779969952695411
ANKR,-0.2421252205557255,0.0,-0.005611528255248646,-0.10635743601565224,-0.17835264434991324,-0.022228726331825585,0.09195466617545946,-0.17703592873931556,-0.09026222191865405,0.05830813825200218,0.0018547207298806045,-0.1901868696342664,0.06256553250872997,-0.053090071385596335,-0.13848817658308166,-0.16671799444662427,-0.2035045019194672,-0.08933965907091301,-0.04719275236556719,0.024493373127908183,0.0724010914872358,-0.04078903180567834,-0.20954911245957175,-0.14140694185072183,-0.2578129577799981,-0.05411488623509829,-0.0655146663420573,-0.04373114704776272,-0.06624283308118831,-0.07728068167123929,-0.06514669446446357,-0.04160093272801901,0.11564438902164365,-0.23031989781030834,-0.08178895855099708,-0.22173493327335028,-0.08630575342568933,0.28827895408550946,-0.2701145188793019,-0.24921128374139573,-0.002434955151628254,0.016400126854856346,-0.027009898650318498,0.008220880628755513,-0.13101287697408437,-0.07400469370604541,-0.16911160418962046,-0.044391224107062595,-0.2085361840273647,-0.11474616801511757,-0.24331189265759953,-0.24012937947849028,-0.08537718618492789,0.062472000742910774,-0.1577157554862075,-0.13852831631791232,-0.19492853733993376,-0.19999422836351288,-0.4350047889849723,0.17824609657132473,-0.03044861974639218,0.02568245008660696,0.03371222796268161,-0.021729929591091993,-0.03195836328176882,-0.018445308912114697,-0.038260280077397166,-0.29789410526488913,0.06398055255350416,-0.05647845528050473,-0.0559166385758938,0.14290514930422055
VET,-0.1643799514995101,0.005611528255248646,0.0,-0.08465875624541305,-0.08893483014267611,0.027243955278265373,0.14124835371819,-0.13547487438790687,-0.04526524893397843,0.10571041349483805,0.13867438529391446,-0.18311677124853862,0.09778092165050162,-0.03656179469849703,-0.14975970325784288,-0.13009015486522413,-0.16528676704185513,-0.012379082766720936,0.03639780716814451,-0.0017308882594659104,0.11194361675862233,-0.1688910629120764,-0.1073480231916572,-0.0765214469862175,-0.19171327266091306,0.013802723600524463,0.0073056366721741,-0.03761207804292337,-0.05998959774053556,-0.04714819335634572,0.08026385415588512,0.0037498321158960513,0.19813196402018549,-0.23383083571387597,-0.03738910984792784,-0.13546008321869846,0.01764675175988415,0.2870729875368731,-0.20580371759205102,-0.126795813826586,0.03599033622643573,0.03370824985780488,0.014498069013148748,0.07538828820224991,-0.05301706044298703,0.0840412681939858,-0.0814297339490658,-0.030774305562601596,-0.037487261109832415,-0.06374949773506636,-0.17623040543712679,-0.1421848181155106,-0.03656438203000171,0.0711528456317715,-0.00844313818928337,-0.13995803331096351,-0.09218871716483835,-0.2337941411855393,-0.25115943240501654,0.24041001726118189,0.07445169759495553,0.12136554683119703,0.1255724316367032,0.04541090098012706,0.0649402214847401,0.05821705568762897,0.07660005514256692,-0.2503219459826057,0.1159735663987855,-0.029928987423893813,-0.037579050215254484,0.18020737771258827
NEAR,-0.1264602360878014,0.10635743601565224,0.08465875624541305,0.0,-0.021880341328519376,0.10991507627780021,0.07759413725365552,-0.006665258354301179,-0.05191424536538955,0.28486722626013844,0.12249466453424232,-0.030175843770481228,0.12867092606866135,0.06993903928357866,-0.105460069436382,-0.009606531603175233,-0.035621020361274104,0.02049141398621518,0.0035905686902839573,0.08255450450297519,0.1452577532942835,-0.1421638117493203,-0.06629818129490404,0.040441783377867,-0.1753877016878487,-0.010608464744556827,-0.04350880217709267,0.07881651006465028,0.05146415218098905,0.004596986513749637,0.0630128922202596,0.18601663280308334,0.15543565794876077,-0.042366144735909834,0.010841314244031855,-0.007001677092693684,-0.04683222129146564,0.28733285371158956,-0.1775843162673532,-0.038734079255202336,0.05280833448060529,0.1576776709621643,0.08233999240394677,-0.0036991680917191003,0.10257415999884383,0.08566630820614941,-0.055909712112324705,0.0549900217225459,-0.09856775241008632,0.006800118471286878,-0.0554558463118439,-0.10724788234845388,0.08839843284901219,0.12134639348616559,-0.002168687767117261,-0.02222964340863219,-0.06518429187831967,-0.11923355980048864,-0.2952748252771906,0.2689964640421344,0.005524204005452477,0.05973399882834838,0.11588142202292281,0.05211855166308945,0.08157325284507733,0.02562708012821583,0.09069967457358985,-0.08420205365615438,0.0996601997753966,0.07264594325469569,0.019567829679780525,0.21858938067584607
ETH,-0.029224341679691873,0.17835264434991324,0.08893483014267611,0.021880341328519376,0.0,0.22061845292604915,0.010947250091543556,0.0761649012246239,0.11420501389018162,0.10008619749888807,0.15275912746660936,-0.00521748462990182,0.03361042927267284,0.1619247121513416,-0.12465001529665473,0.09920414714889339,-0.006290589263378471,0.13134622305254728,0.1474258391533772,0.1677476422345478,0.14561964821983647,-0.010145278495494146,0.13032443790480758,-0.08314695950656502,0.04208856456338671,0.23783390108246444,0.283286570580927,0.10079911186234844,0.10958652973297074,0.14680659410011965,0.010073304452204113,-0.03273382848101081,0.1790328121569845,-0.12774883651192204,0.11013966919578723,0.030512781925777846,0.027390027047539317,0.25301937360969057,-0.04729512373216131,-0.068733517246944,0.00022919033769613906,0.08569105159106988,0.0931221445599211,0.18479819667930875,0.10566261873880224,0.1219435243737031,0.05128738762215071,0.08687823920521312,0.024943996753893454,0.013101828055060084,0.044987274626969054,-0.1419063622880662,0.041224477888991015,0.2600336267953437,0.1861500300422124,0.097537410136818,0.06118378362364507,0.09186196136133049,0.070958529025813,0.2345076925422825,-0.0489280612515304,0.17536795726957552,0.3440189404854753,0.1916644444144873,0.09579582449905945,-0.0036033746912424447,0.18766961674401467,-0.13847110086023862,0.1575631647126904,0.025427971192974852,0.13215892035961213,0.2856879915558953
EOS,-0.18754214972482444,0.022228726331825585,-0.027243955278265373,-0.10991507627780021,-0.22061845292604915,0.0,0.08937910204413735,-0.16977188863071227,-0.10370729840406911,-0.01942696649439453,0.048985721797579096,-0.24489100647306136,0.018725914977029065,-0.0716482746625209,-0.26777733227040856,-0.1861572826188408,-0.11878325537428648,-0.089295555490355,-0.02330657794417231,0.02576504658853522,0.035355684786884,-0.13541483582713382,-0.13164903814107928,-0.17919311859704018,-0.21730521121572643,0.014167655562843585,-0.02674541982425236,-0.04441529658369905,-0.11112185931259386,-0.13941166347106948,0.0021737752076694122,-0.05769639435811397,0.07437704445171882,-0.40204887446558846,-0.08969575984058874,-0.1648719689853427,-0.14549989148194345,0.23035239836574398,-0.19827886635229203,-0.14204173239461462,-0.10428943557800595,-0.005985556984618681,-0.033472148867407014,-0.07218760864031311,-0.025756999006725022,-0.013154391118190709,-0.1301356955187666,-0.09575486140992905,-0.04618856329530753,-0.07478318619839597,-0.11367560421510214,-0.2755617380100229,-0.1204063690266812,0.09765502233486328,-0.18813950205255414,-0.2294537453928051,-0.11877886067309529,-0.2190260247086518,-0.23001911998260632,0.3045409862950203,-0.07457204201781716,0.030251702062395917,0.13441877424426985,0.1348800730297699,0.017433210864627458,-0.05979189614043861,-0.08833824319698348,-0.27721893334150416,0.0846214192870247,-0.09679834835174585,-0.1103585440127882,0.1349576719247533
BAKE,-0.1014484320842093,-0.09195466617545946,-0.14124835371819,-0.07759413725365552,-0.010947250091543556,-0.08937910204413735,0.0,-0.13114796090344555,-0.14280059203463155,-0.07537168609600081,-0.057544974450026876,0.024234697651601425,0.07084112966107889,0.1384561452260593,-0.16811973700268348,-0.06148598341688177,-0.08565226872383855,0.03656848944386512,-0.164019732150669,-0.0052658206818856235,-0.0014803199056153942,-0.23088416161458875,-0.0162200241257784,-0.054780136322491874,-0.06340417141337176,-0.08434293419050479,-0.053455777611644106,-0.03274062709111383,-0.007212837176109384,-0.02977157470810722,0.021091466187400293,0.07291548369999246,-0.027588433284446115,-0.16028471358884328,-0.08113649689630459,0.009163144850774282,-0.07087880090340468,0.06924565818624209,-0.16784113351508315,-0.05709962400661994,0.06357446459323153,0.011042348851104791,-0.1384338576406435,-0.1910083719279354,0.08021778565075702,0.12539887591232815,-0.0026309337781272035,0.09140340634431501,-0.0020090625897730436,0.14986856183629021,-0.1680573451864597,-0.12238045860669998,-0.08835239838569083,0.013567711699763813,0.18584529055147164,-0.35682002970769133,-0.0968884667846314,-0.08115341751996027,-0.033361367436535255,0.021826555851525292,0.10480479846524356,-0.2801639396020999,-0.06258470777390868,0.14870792201442953,-0.011941830492055522,-0.09019037645735856,-0.014830487374436818,-0.1926409440428117,0.054879874581486195,-0.07463736736724633,-0.0937970283566541,0.11355065088875012
GRT,-0.008146022522972918,0.17703592873931556,0.13547487438790687,0.006665258354301179,-0.0761649012246239,0.16977188863071227,0.13114796090344555,0.0,0.08194882024008167,0.194121977233437,0.140598180688067,0.039085834730570534,0.13342772921351365,0.1388136841335459,-0.090070077770008,-0.0033623640466748927,-0.041503436294551,0.06615812304098741,0.09049865542531238,0.13542223149204335,0.17636812049420814,-0.05027827427341831,-0.012902902586341372,0.03298684790836782,-0.11219113672922108,0.07233987919594946,0.05551217043532175,0.1302656326044307,0.11834099691055766,0.02318063701974689,0.014618313593775425,0.13538833651467153,0.19525834722061297,-0.0418525579321915,0.060824455053888477,-0.010536740784923365,0.02837005631243808,0.40137139463216004,-0.10056518760365207,-0.16255287967814158,0.11499212138104217,0.14185364090825112,0.14856712602558805,0.06699725134201745,0.058495652785899244,0.0038084073736576463,-0.05710293530710685,0.06048289730771133,-0.03217819009992175,0.06022989430647305,-0.04589865402443147,-0.16488200855967097,0.06398516547360171,0.20532681991618693,-0.01720124968725914,0.049543779372259684,-0.07002341696264411,-0.04145269675154459,-0.2142920857155506,0.3307396384147019,-0.04666789292120224,0.12778243251297766,0.17144154444805143,0.20487992545478617,0.057784888352384156,-0.10572043124356431,0.10399415750352187,-0.20878656611766275,0.0796581375619799,0.11557935840062085,0.09970606563450995,0.30037479389579635
REEF,-0.13517518276633655,0.09026222191865405,0.04526524893397843,0.05191424536538955,-0.11420501389018162,0.10370729840406911,0.14280059203463155,-0.08194882024008167,0.0,0.12097453819732135,0.11532614056130228,-0.14488475926888617,0.15918769813781766,0.06923631851971385,-0.15820242725331526,0.013172789988488094,-0.0705194578465901,0.0506167736361894,0.09388765048205237,0.16554869437950126,0.12988769597703315,-0.19201533131200538,0.009211152652582613,-0.03485610480604835,-0.07020012366374277,0.09128436536397805,0.0903217267738862,0.08968592980222254,0.005404674329181792,0.0552891937885394,0.007970449263986892,0.055211157075757564,0.22137584926366746,-0.1847263251161383,0.013247108254104807,-0.020146627016812163,0.12714700715985902,0.21072590270017205,-0.15356880498298467,-0.060203272773146216,-0.03098340690388892,0.12381049085126905,0.05027421419481551,0.0479130814236378,0.025453067108951136,0.06429351037004527,0.0319968727536694,0.06425542974795106,0.036581553877732986,0.10345882315935442,0.011931377051522182,-0.12832564368782784,-0.0349241128560489,0.1489202358432113,0.11083209356190961,-0.16302735317353104,0.018447883765805626,-0.10297523691393352,-0.07937223243820507,0.33725017251169853,0.03251657421614121,0.10935380770856115,0.11077894118190394,0.2206725131733417,0.14141215013832706,0.01230592145325303,0.10271943866071793,-0.13809722113144532,0.170231063995888,-0.0028655955698444063,-0.005693742394168262,0.25535042745350367
INJ,-0.2628825963351332,-0.05830813825200218,-0.10571041349483805,-0.28486722626013844,-0.10008619749888807,0.01942696649439453,0.07537168609600081,-0.194121977233437,-0.12097453819732135,0.0,0.021111419093351305,-0.2619919403827202,0.04235492918265392,0.029824446289348716,-0.12315989608840783,-0.15253684880783552,-0.2613418168244792,-0.11153052601353286,-0.09800344346680509,-0.11562724915468116,0.03482845925023634,-0.14270469722652968,-0.19896667252884592,-0.23061664090639322,-0.2407615457740321,-0.07670380841596552,-0.14268585728604577,-0.08058426039931214,-0.08470874678327256,-0.08348022729400517,-0.08392707201618865,-0.1196404972798518,0.033543880208537685,-0.1358903790344751,-0.11323067262794334,-0.2855978589869971,-0.10074163600274602,0.13129062309667153,-0.25520556555857205,-0.22835774076888857,0.11801917930907377,-0.05487663884747861,-0.00825762873661176,-0.04675150317245579,-0.16821472417851882,-0.11541221655810419,-0.17259626805608966,-0.21901436333366217,-0.09119715577511824,0.10340078060297762,-0.1299508519204815,-0.2914745831435282,-0.15346559653402528,-0.025273625742707848,0.12516088744242435,-0.10844299003453298,-0.1989285878943396,-0.26827209076314223,-0.4856383833002688,0.08729342278981587,-0.039823479302984854,-0.08648759060142662,-0.04265744624760811,0.02007411927685447,-0.15464077444909952,0.08596211028998571,-0.17277476541811249,-0.2526023684250077,0.029736654558442835,-0.023735005678654622,-0.08890716229245602,0.08565429872572734
FIL,-0.1638852474830114,-0.0018547207298806045,-0.13867438529391446,-0.12249466453424232,-0.15275912746660936,-0.048985721797579096,0.057544974450026876,-0.140598180688067,-0.11532614056130228,-0.021111419093351305,0.0,-0.23274972342031516,-0.011638544238802853,-0.13193206150197728,-0.21854582343936313,-0.1748188624552392,-0.14773301773322994,-0.17792270257027099,-0.11163153429894093,0.04174617104339004,-0.06470476446954007,-0.11947619483946503,-0.2209934925934957,-0.10379775842734597,-0.30871983728396696,-0.06057530409338758,-0.06856643103486405,-0.11033543361193565,-0.15177942228933902,-0.22200448380813495,-0.06547043109312654,0.055133969431206686,-0.02048617212865271,-0.2828399797243184,-0.2148316231717722,-0.23994750809581525,-0.2881700043606614,0.16375262475614047,-0.30765217684956314,-0.05700471057878545,-0.09259772145573207,0.10309321773696267,-0.06001242704343285,-0.090940220948384,-0.08928695435898829,0.014751133933350119,-0.11608908587732482,-0.06839015465701309,-0.17426643720054516,-0.08771401167801782,-0.12499636269523305,-0.2816792784314526,-0.11809178067981643,0.06263771745752057,-0.129292226896118,-0.18947437477384058,-0.22713337190947336,-0.09063201909731339,-0.30343194707868437,0.1960624637108765,-0.05177483975287442,-0.035574580687586996,0.07369104955470811,0.09966067538738381,0.026819842372113933,-0.018965483286791554,-0.0512701485139431,-0.3301656609643766,0.016515620531833003,-0.17534977728358836,-0.20312365823543388,0.058611978239927115
MATIC,-0.03466529785703726,0.1901868696342664,0.18311677124853862,0.030175843770481228,0.00521748462990182,0.24489100647306136,-0.024234697651601425,-0.039085834730570534,0.14488475926888617,0.2619919403827202,0.23274972342031516,0.0,0.20127628620507285,0.21492191955228207,-0.06311508777406873,0.08425841499060578,0.030126994376007882,0.17335852235634885,0.21944414082038016,0.16744274538480264,0.16982672684733036,-0.10913688318598985,0.13307613687798076,0.06017450511182019,-0.0008478472980929935,0.21385093289692964,0.22710467204403323,0.17051330885309535,0.1337595111767155,0.16428577837861397,0.15645754812131546,0.07055773865800269,0.32983002776474635,-0.014290990416608113,0.13662996018548695,0.04690306540881735,0.17138481239818226,0.38811119747999756,-0.0725088273526747,-0.13848734556292963,0.1185325676558903,0.15997990324671757,0.17336944276751876,0.23973289672827386,0.10486470395367811,0.10022311928464997,0.09471979308314185,0.09811566383583989,0.028622508437029723,0.1708404248998089,0.012207953651307196,-0.02030592195143019,0.08123294753238072,0.1873964343820571,0.2866225497216333,0.015088315592565037,0.14105112719711937,-0.03721521807074846,-0.04359963735918508,0.34910722872513184,0.06796819561978981,0.17732561212032688,0.2703180971264539,0.14711245584572435,0.1664126916701886,0.04212380034665268,0.29680561538386285,-0.06371908819875416,0.19631388299500732,0.12293325053725102,0.1462054718883696,0.350990943310692
BCH,-0.17253374075425965,-0.06256553250872997,-0.09778092165050162,-0.12867092606866135,-0.03361042927267284,-0.018725914977029065,-0.07084112966107889,-0.13342772921351365,-0.15918769813781766,-0.04235492918265392,0.011638544238802853,-0.20127628620507285,0.0,-0.11466036696288452,-0.11984623239176209,-0.1433117849825987,-0.29893111085757884,-0.08737158150503115,-0.08719725290579326,-0.040713756927129405,-0.01338494598062498,-0.23382133710860165,-0.1313887713547946,-0.18678935341674652,-0.12248386495240117,-0.07411531760129017,-0.006095688651876027,-0.06458988261356902,-0.139069730085032,-0.1666096942674553,-0.03149184836423691,-0.1606211570469256,0.016320511343966615,-0.20128022938277773,-0.09268600968776719,-0.1767700970704526,-0.09047537232411748,0.05426370075259598,-0.1632911942853204,-0.0033600679025914265,0.005478867674095195,-0.013639930572259068,-0.04781232464266716,-0.10205573747688465,-0.027814986439028647,0.21514378204493728,-0.04893559379527751,-0.05184029516645055,-0.17147043207634305,0.03562452722882743,-0.136914923477278,-0.17691431647811695,-0.03806523443009952,-0.0697206060918159,-0.11097064953054,-0.1737302787903947,-0.09870930027478325,-0.2511557204409271,-0.08392632196723275,0.07630832331666687,0.06945290672053817,0.007427529924604763,0.004507322546525042,-0.07724070582400278,-0.016852560356662244,0.0714346982757846,-0.008731988281816094,-0.15461637962342603,0.054286830217481735,-0.1315791933568101,-0.11905603780801631,0.07843215181132693
IOST,-0.26487003777851476,0.053090071385596335,0.03656179469849703,-0.06993903928357866,-0.1619247121513416,0.0716482746625209,-0.1384561452260593,-0.1388136841335459,-0.06923631851971385,-0.029824446289348716,0.13193206150197728,-0.21492191955228207,0.11466036696288452,0.0,-0.21978801403246112,-0.10626729878034727,-0.12258208563755968,-0.04526356827772365,0.008457454707465825,0.0739836662966434,0.08827419443743538,-0.1150867223165875,-0.11219711886814573,-0.15353423763212792,-0.20333656487474328,0.013554461296597549,-0.018636409468582638,-0.08249353392647435,0.017485541632621976,-0.07574395916020726,0.06666090829407559,-0.08704739185325658,0.17491268268408092,-0.29202155383020356,-0.07216041792653863,-0.1304790000731416,-0.0692476562058498,0.29698876157696996,-0.2206488421253544,-0.19484979911779626,-0.02159822032995102,0.02768568383348148,0.05602268576045391,0.02187548602903199,-0.014738867189939789,-0.03450394424281962,-0.08012824003982523,-0.00954013824034123,-0.05671178297816839,0.011090729102807867,-0.12261987045598652,-0.18401190849048865,-0.05475874824046762,0.11985167244060578,-0.04376709754418903,-0.1654154752121425,-0.14889633717184692,-0.21690660805012188,-0.25322913966532073,0.3409179122182294,-0.015215082074770847,0.013886129516661433,0.10425333767271844,0.11108155673318283,-0.036413161478376796,0.04890980293878772,-0.00966897859576979,-0.1969727061516026,0.10359791401995913,-0.05753789309925399,-0.08060963801233038,0.16732010820110782
CHR,0.18520788246564474,0.13848817658308166,0.14975970325784288,0.105460069436382,0.12465001529665473,0.26777733227040856,0.16811973700268348,0.090070077770008,0.15820242725331526,0.12315989608840783,0.21854582343936313,0.06311508777406873,0.11984623239176209,0.21978801403246112,0.0,0.15851231278744815,0.06032311202304254,0.19356899597519694,0.1617008324428128,0.2048298224608622,0.23728427057159776,-0.07826941615221451,0.1873005768013592,-0.004556944241641832,0.07764869314813225,0.14246410084367445,0.14344490192752368,0.2552747222193193,0.12236268027686317,0.08976879923067468,0.23042591409005486,0.18651086138875148,0.2738690977323829,0.029844873339002702,0.2162571154373891,0.2503570775987026,0.1999884879337217,0.3438866380895407,0.18114226845675313,-0.03427324138604638,0.11501261894330653,0.2609036933128808,0.18594310903532646,0.22265313724028124,0.2858851144564186,0.025936591675372052,0.2126281317341277,0.21390832818385863,0.16778231042495514,0.35938482379035014,0.024211321723618395,0.0696986298823948,0.08462204423658118,0.1560214429764051,0.16570318431985798,-0.06367854725868141,0.17885103325879423,-0.04604031335444628,-0.019177187391095196,0.3487715804980805,0.12425968380720717,0.3302127152714813,0.1959559173396347,0.38065134739541007,0.1926033389111174,0.0018240725620227247,0.1981963114116658,-0.08220469949411546,0.28513641529961625,0.14375192983155416,0.15783863145346327,0.2890496310683515
EGLD,-0.049442541519577804,0.16671799444662427,0.13009015486522413,0.009606531603175233,-0.09920414714889339,0.1861572826188408,0.06148598341688177,0.0033623640466748927,-0.013172789988488094,0.15253684880783552,0.1748188624552392,-0.08425841499060578,0.1433117849825987,0.10626729878034727,-0.15851231278744815,0.0,0.05221060553478944,0.10366279256293709,0.10804500684365925,0.14967729836453364,0.17185477735222243,-0.10033126987465005,0.029057921508794535,0.014932193682352227,-0.10201828262059733,0.10141624110383934,0.12218053454978692,0.08665895245135122,0.08569370402198756,0.049909679128477574,0.12314881226958334,0.08942459321424474,0.27861788349983824,-0.22465747260370883,0.08545047624774652,0.003530542263634917,0.023486284555320074,0.3981167779310619,-0.09688908421007252,-0.16162911923915266,0.010717432853781433,0.07715810391656826,0.11171842902653871,0.1385318234800504,0.1258014233632245,0.05566262172123693,0.03954259803601778,0.0626756268516441,0.046525484430885354,0.011628038207678354,-0.07191304944807583,-0.11910012900952836,0.06097135570399961,0.20890353916323678,0.18030999335742307,0.002117747739617759,0.008225487920695496,-0.11309057439456993,-0.14022822373818156,0.36876509137768815,0.006918249079463729,0.1927760652884456,0.22592537603735302,0.18946884614543114,0.07542740854380336,-0.03335104757136854,0.18669940278522135,-0.17059296818082773,0.1889330862732688,0.06330189469068732,0.0794410565268471,0.26772377383643825
HBAR,-0.08034421980673909,0.2035045019194672,0.16528676704185513,0.035621020361274104,0.006290589263378471,0.11878325537428648,0.08565226872383855,0.041503436294551,0.0705194578465901,0.2613418168244792,0.14773301773322994,-0.030126994376007882,0.29893111085757884,0.12258208563755968,-0.06032311202304254,-0.05221060553478944,0.0,0.08472687292099504,0.17839518145470698,0.15515523841929507,0.18205875937337626,-0.0924158172729442,0.055853381770444216,0.023626685036631304,-0.0738256334344755,0.13521875979952297,0.06421828603028629,0.10795783451954036,0.08615804155013042,0.04241152722769201,0.10898529589632565,0.1682354298840788,0.2216330984186428,-0.07933689602751585,0.09216844045838776,-0.0016912159053734943,-0.0008536033858914382,0.29531476599782014,-0.11727529137536163,-0.17846910899076485,0.12365253665677858,0.1522943163072111,0.1456198772073563,0.11452173957167698,-0.028967563688797576,-0.05044231425939763,0.004005260225559137,0.01754511029564673,0.021433385077337525,0.0816055751193773,0.03039648887658042,-0.046813297569641324,0.07802968647014143,0.2174526753863992,0.06477677242623227,0.039927888418327256,-0.06336473694912026,-0.07024993952392461,-0.2410760805356751,0.31650686860003596,0.13688334573426736,0.21352495262941074,0.2207274730318906,0.20192098361780392,0.08443458073350076,0.026662349708116276,-0.015653810652463032,-0.04072372304154985,0.27221806071250354,0.08240231506762308,0.10538330894251124,0.3231551423573391
ZIL,-0.15922280760543625,0.08933965907091301,0.012379082766720936,-0.02049141398621518,-0.13134622305254728,0.089295555490355,-0.03656848944386512,-0.06615812304098741,-0.0506167736361894,0.11153052601353286,0.17792270257027099,-0.17335852235634885,0.08737158150503115,0.04526356827772365,-0.19356899597519694,-0.10366279256293709,-0.08472687292099504,0.0,0.04280592063217799,0.06968663667141903,0.026822284318859205,-0.14475527253399662,-0.06886162956578536,-0.07020777439609899,-0.2381913919535308,0.033439778714676495,0.024248319168088416,-0.005530814524309896,-0.005658466243397263,-0.049110996580549564,0.040727386574186716,0.055793833238302865,0.19196328910977795,-0.2552614138966729,-0.04886951002298533,-0.13206252751119454,-0.0993547266799091,0.31083560682956923,-0.20707935363167387,-0.1509109315351395,-0.03422332723356541,0.07981070011672146,0.018718306882808997,0.03722259663976102,0.003709071541491374,0.053380957769204374,-0.046447200362451875,-0.01819790939741216,-0.08572285269185431,0.03326871757401599,-0.11530427072598654,-0.1645442217652869,-0.0667912213357808,0.12244199521865946,0.10181482179721374,-0.09678820275465048,-0.08379717664214814,-0.1691380266350812,-0.2636712809983175,0.2929901938638955,-0.015195447146482632,0.09358690991494013,0.09546732173645678,0.08548064138122954,-0.04100675811131757,-0.05908179723368815,0.05741669082343402,-0.26687811680045215,0.13317989894861482,-0.02877839646395383,-0.03686242030455187,0.20002657283549882
ALGO,-0.20343407727064236,0.04719275236556719,-0.03639780716814451,-0.0035905686902839573,-0.1474258391533772,0.02330657794417231,0.164019732150669,-0.09049865542531238,-0.09388765048205237,0.09800344346680509,0.11163153429894093,-0.21944414082038016,0.08719725290579326,-0.008457454707465825,-0.1617008324428128,-0.10804500684365925,-0.17839518145470698,-0.04280592063217799,0.0,0.053098596089991984,0.05993335952253262,-0.15652262684369403,-0.13246188550064697,-0.17397126853032516,-0.2581971800692519,-0.002484254890690976,-0.016760260436261942,-0.005026324546040101,-0.06338024016029957,-0.09435666044193038,-0.015873818436759835,0.0649739708785474,0.13829493389922587,-0.2829038226169868,-0.06217589344574066,-0.14112378400080935,-0.08200207929081867,0.23792619921693922,-0.23615183053976435,-0.0798979019343681,-0.064639209034015,0.12818387027901432,-0.02781763694879552,0.03810255545263719,0.003412772412466389,0.04656208955384481,-0.05700801606577277,0.039366129494088964,-0.06845688683561718,-0.0001425829084098218,-0.11834027828313708,-0.2039915886170664,-0.08838760990362554,0.09991523937943894,-0.03432117535797061,-0.09995017550723675,-0.07164496949645888,-0.24677372226756578,-0.31374806951326945,0.2613761905388923,0.006570730486459259,0.07566483039174712,0.02637075291955874,0.07938309062435206,0.016127764088767288,0.015493786082439079,-0.012372244737233501,-0.2562264885464738,0.11341847574577288,-0.043156144072349814,-0.07553363009373461,0.1543561868470869
DENT,-0.26562135866019015,-0.024493373127908183,0.0017308882594659104,-0.08255450450297519,-0.1677476422345478,-0.02576504658853522,0.0052658206818856235,-0.13542223149204335,-0.16554869437950126,0.11562724915468116,-0.04174617104339004,-0.16744274538480264,0.040713756927129405,-0.0739836662966434,-0.2048298224608622,-0.14967729836453364,-0.15515523841929507,-0.06968663667141903,-0.053098596089991984,0.0,0.08299872192266397,-0.09123064219696705,-0.1352440463886263,-0.14123939180830292,-0.2467309664513224,-0.025185392728472054,-0.0405499638891002,-0.027296983522186093,-0.08244325126733892,-0.015498432649896296,-0.060270006247170785,-0.05870723129563642,0.10100251219320086,-0.2999577109370103,-0.05224989061153274,-0.12016452319659011,-0.06726696158656187,0.28040772274950043,-0.25797928330994774,-0.19391838883249643,-0.1442388535420549,0.04918699441987837,-0.06074975150963238,-0.0420738055061788,-0.0730951678259829,-0.008691537100805849,-0.13432291979439784,-0.04362495276869928,-0.10666530515518792,-0.20734956378250502,-0.24077853964852491,-0.25765042227155666,-0.09584759560391,0.08068996293080918,-0.08709261300525781,-0.17929613244701093,-0.1499165861354745,-0.1709004650123079,-0.23823593578182511,0.22281492608277226,-0.10565465082223548,0.023696537331831934,0.04870043979962743,0.04376784645239654,-0.0018211510802948194,-0.10166332167018535,-0.050850997475942156,-0.25563957703105084,0.06315467737338472,-0.12951203902306196,-0.06678698943387756,0.1404631372892146
DASH,-0.20292150158041075,-0.0724010914872358,-0.11194361675862233,-0.1452577532942835,-0.14561964821983647,-0.035355684786884,0.0014803199056153942,-0.17636812049420814,-0.12988769597703315,-0.03482845925023634,0.06470476446954007,-0.16982672684733036,0.01338494598062498,-0.08827419443743538,-0.23728427057159776,-0.17185477735222243,-0.18205875937337626,-0.026822284318859205,-0.05993335952253262,-0.08299872192266397,0.0,-0.23575606319399048,-0.1112539096962244,-0.14603506973382016,-0.16439946492483898,-0.028946308850465632,-0.03663407336705787,-0.06178965581846095,-0.10766318403021144,-0.10237713489639366,0.03850143575125517,-0.09911069689524865,0.0547613098477156,-0.30935363813166217,-0.09179845484322527,-0.11210042354023968,-0.08889704655553644,0.1406751397890275,-0.1828690287811736,-0.10558987305332798,-0.06100680924672648,-0.01106299039049238,-0.0529121374636804,-0.06599030311191761,-0.1380085919484705,0.11588580252736815,-0.11004496420817786,-0.0718247939987499,-0.02542381643760093,0.005971969549443061,-0.20828700217131252,-0.21558647470892978,-0.1414881193534972,-0.03250724632385888,-0.02074292887937898,-0.26046732783203125,-0.159018473482993,-0.28309633670088075,-0.08862601022608357,0.24388460482999974,-0.02237478761529904,0.0071810462147870666,0.00922935998152222,0.05956555309826618,0.0800428819975465,-0.11453007173638499,-0.11610160811921187,-0.22240989975615152,0.0747481506763563,-0.13697830894485957,-0.12491568348186663,0.1014153658639709
ALICE,0.15172857984689755,0.04078903180567834,0.1688910629120764,0.1421638117493203,0.010145278495494146,0.13541483582713382,0.23088416161458875,0.05027827427341831,0.19201533131200538,0.14270469722652968,0.11947619483946503,0.10913688318598985,0.23382133710860165,0.1150867223165875,0.07826941615221451,0.10033126987465005,0.0924158172729442,0.14475527253399662,0.15652262684369403,0.09123064219696705,0.23575606319399048,0.0,0.21796222060564927,0.01610598726526784,-0.03230373873191546,0.15999828793854842,0.17310112242123812,0.16566541028652523,0.08118032333258306,0.18715875354178793,0.19962164863235216,0.2146154783197211,0.21612491116321492,0.03161365282311602,0.20577664594062461,0.24522012353568978,0.2850795904934441,0.2728378180346557,0.03773653789809118,-0.27892617524001506,0.00013189554435463074,0.2984557492023922,0.13971547943425824,0.22502024962577047,0.20647704516594223,-0.336515376353798,0.2042447711248906,0.18060993741232878,0.4268550522309701,0.2715516754073931,0.18585608056706626,0.04501640036464383,0.07070143740301707,0.15772902516748816,0.047816736219614325,-0.09254897027749819,0.17251141888566912,0.021203678847966714,0.04564974386238543,0.28954164633370344,0.11194978135209205,0.17262131471842118,0.1251290449338944,0.5758788295444466,0.21713062447352172,-0.08166130098791285,0.10727190060134231,-0.044073807647715416,0.2037860573392211,0.10124889447782975,0.13636564278164606,0.2698791716470874
IOTA,-0.17188248440994275,0.20954911245957175,0.1073480231916572,0.06629818129490404,-0.13032443790480758,0.13164903814107928,0.0162200241257784,0.012902902586341372,-0.009211152652582613,0.19896667252884592,0.2209934925934957,-0.13307613687798076,0.1313887713547946,0.11219711886814573,-0.1873005768013592,-0.029057921508794535,-0.055853381770444216,0.06886162956578536,0.13246188550064697,0.1352440463886263,0.1112539096962244,-0.21796222060564927,0.0,-0.049940446681413495,-0.1380558506151671,0.10392957600365288,0.05286194152958127,0.09736590159226047,0.07536399470901337,0.02210164512090876,0.05524301065417811,0.060267978605805406,0.24124324664479313,-0.2093403840303034,0.030790233865817737,-0.03463726594754084,-0.02533427701242104,0.32101511458824145,-0.15821311217853865,-0.023206253995634418,0.014855483205002365,0.18383933340850797,0.10425126858301946,0.033088651644385084,0.006070498061879176,0.17646100760241137,0.01792588249234696,0.036643850954648956,-0.09288460139209206,0.03900131500247328,-0.040939367073623334,-0.13292004797339724,-0.003178847696696435,0.21737010445011518,0.08819867959394054,-0.015016312065581303,-0.02935084724098941,-0.14917289617333196,-0.22953598892723687,0.34245954282791635,-0.031086922928346333,0.1335837931279789,0.1942446567679426,0.14156931110843354,-0.0019202384336315936,0.04190221057610555,0.05736680300583592,-0.13753831973022548,0.17092440960470467,0.0250442966395385,0.045117939898906716,0.2585248817378465
LINK,-0.01848239138741567,0.14140694185072183,0.0765214469862175,-0.040441783377867,0.08314695950656502,0.17919311859704018,0.054780136322491874,-0.03298684790836782,0.03485610480604835,0.23061664090639322,0.10379775842734597,-0.06017450511182019,0.18678935341674652,0.15353423763212792,0.004556944241641832,-0.014932193682352227,-0.023626685036631304,0.07020777439609899,0.17397126853032516,0.14123939180830292,0.14603506973382016,-0.01610598726526784,0.049940446681413495,0.0,-0.05194041019353812,0.09223880083255831,0.041941990501810064,0.2206705737983426,0.06516369230497623,0.11634954861507801,0.14753155429791945,0.07961405836129089,0.17548413298508297,-0.07671181593793852,0.07780092250333762,-0.10671121973916317,-0.051098900593482016,0.25695762944809997,0.0574418027642298,-0.09307598521726503,0.1174229165146653,0.3213550568212223,0.1367372243218215,0.025091788225431736,0.030598262611314927,0.04196706089712289,-0.017449128477172296,-0.17583885948497327,-0.05149555330604601,0.1409140851895691,-0.11229378217173644,-0.09030026986364001,0.057992226868451784,0.18471142697504725,0.24019042083506714,-0.05298900618139319,0.07675105699988186,-0.020814404263404293,-0.1726060659502719,0.24427121779723632,0.07376992950764459,0.1527240905837149,0.13385175109507652,0.07481903899305728,0.12693987371683596,0.17815533235943584,0.17435518525192917,-0.14569522019123834,0.2945571053020644,0.058231667520646915,0.12250162871888237,0.3121173762416676
XTZ,-0.03548588865512081,0.2578129577799981,0.19171327266091306,0.1753877016878487,-0.04208856456338671,0.21730521121572643,0.06340417141337176,0.11219113672922108,0.07020012366374277,0.2407615457740321,0.30871983728396696,0.0008478472980929935,0.12248386495240117,0.20333656487474328,-0.07764869314813225,0.10201828262059733,0.0738256334344755,0.2381913919535308,0.2581971800692519,0.2467309664513224,0.16439946492483898,0.03230373873191546,0.1380558506151671,0.05194041019353812,0.0,0.25882825812051025,0.21605560850163144,0.22016479855239587,0.1991025818630251,0.09419701872169069,0.15223554938370365,0.10854427095123204,0.37963971503388216,-0.13258374815435997,0.1735429336972394,0.11550702768494385,-0.026288367661179743,0.42373769178160076,-0.0593099130568604,-0.1448996059908563,-0.011574648394149331,0.3082818152292107,0.1438153153968504,0.17665704201245525,0.12798583770421035,0.0788165532012543,0.146036803556338,0.18660030931836982,0.0819965270434665,0.16551128857984457,-0.020118547481416435,-0.0391853881470724,0.13720649866505963,0.295225332776432,0.1351202371093206,0.18865374069969576,0.05108888824490704,-0.0996153542672879,-0.13087871166640327,0.38252866483776116,0.009009520642740576,0.23755759990424938,0.2092361216184605,0.27364754252466517,0.029079690713862905,-0.0904760454944499,0.17178372571600292,-0.05388331867414663,0.28340077758437565,0.17894444332593643,0.18317039243011943,0.33490143799255717
LRC,-0.19712472796195132,0.05411488623509829,-0.013802723600524463,0.010608464744556827,-0.23783390108246444,-0.014167655562843585,0.08434293419050479,-0.07233987919594946,-0.09128436536397805,0.07670380841596552,0.06057530409338758,-0.21385093289692964,0.07411531760129017,-0.013554461296597549,-0.14246410084367445,-0.10141624110383934,-0.13521875979952297,-0.033439778714676495,0.002484254890690976,0.025185392728472054,0.028946308850465632,-0.15999828793854842,-0.10392957600365288,-0.09223880083255831,-0.25882825812051025,0.0,-0.0031944059709563266,-0.012293700790774995,-0.023862771485460732,-0.007194660805921092,-0.05725896075600236,0.052645364456495675,0.12047495881486542,-0.3533728611918949,-0.05216422272512157,-0.1629273521463124,0.011871969169905586,0.2587993537271469,-0.2465820461595704,-0.13330339082351253,-0.14824082136371058,0.1318314877092053,-0.05780187581342445,-0.021367893061345195,-0.07927766845989212,0.03049407271221338,-0.058953209203869775,-0.015714187478139095,-0.050627032357104744,-0.07328371776950632,-0.15018123721019633,-0.20224517860959496,-0.10904836544793242,0.11563442606439707,0.03691151105860892,-0.15437276172137515,-0.11220388077626046,-0.15977286104166652,-0.19560493537880325,0.17260112657358032,-0.06826802907590641,0.048514982052199,0.04822054014663932,0.10124149074272262,-0.03742810625916003,-0.09761061524897739,-0.05616168462322578,-0.3228839239039115,0.11113974524964874,-0.1405167329813723,-0.04978278902714082,0.13605475318882007
ONE,-0.2456113623180267,0.0655146663420573,-0.0073056366721741,0.04350880217709267,-0.283286570580927,0.02674541982425236,0.053455777611644106,-0.05551217043532175,-0.0903217267738862,0.14268585728604577,0.06856643103486405,-0.22710467204403323,0.006095688651876027,0.018636409468582638,-0.14344490192752368,-0.12218053454978692,-0.06421828603028629,-0.024248319168088416,0.016760260436261942,0.0405499638891002,0.03663407336705787,-0.17310112242123812,-0.05286194152958127,-0.041941990501810064,-0.21605560850163144,0.0031944059709563266,0.0,0.02862748166726973,-0.03895216422113128,0.0026164393966493036,-0.04781256101258447,0.007598213711054569,0.16907135681848143,-0.33678294881461884,-0.06465316186786906,-0.1600988917695835,0.005471670016012311,0.2116680812051808,-0.27777933437751584,-0.17573558084931623,-0.15678454673499104,0.13213201629924493,-0.04954628631957467,-0.05858858285941426,-0.07992526487494261,-0.039822308357528216,-0.08018152870163092,-0.025636550138404376,-0.009036033775529674,-0.02478466387902273,-0.13661389878562308,-0.18103398042419433,-0.06535490036754911,0.08257902805732403,0.13879377267011098,-0.07492726902964185,-0.05076124558336577,-0.21994693805410648,-0.23656826812810194,0.20307632241389917,-0.09142900454528818,-0.004578859623568542,0.04082390697517575,0.12426411544297732,-0.03244373301686508,-0.05706950296730594,-0.022072860831825962,-0.2251584727346555,0.1214932210368417,-0.08586993908951476,-0.052348974602092424,0.1764627314609531
