,ROSE,ANKR,VET,NEAR,ETH,EOS,BAKE,GRT,REEF,INJ,FIL,MATIC,BCH,IOST,CHR,EGLD,HBAR,ZIL,ALGO,DENT,DASH,ALICE,IOTA,LINK,XTZ,LRC,ONE,SXP,KAVA,AXS,ADA,SOL,ONT,ETC,MANA,SNX,ZEC,CFX,YFI,WAVES,LTC,CHZ,XLM,COTI,DOT,OMG,SUSHI,FTM,BNB,UNI,STX,RUNE,THETA,HOT,1INCH,FET,KSM,SLP,CRV,IOTX,BTC,AVAX,ENJ,CAKE,XRP,TRX,ATOM,AAVE,DOGE,NEO,SAND,QTUM
ROSE,0.0,0.13662121989741777,0.4381291389976159,-0.25570112349607543,0.04144947301229705,0.028377091104143833,0.0,0.12087193282630257,-0.2145590967310536,-0.22523842690986182,-0.40201378372289115,0.17119633833693793,0.28494892200982697,0.3808530478055106,-0.0671704248140316,0.488082913178034,-0.04070163654351089,0.11584378755887001,0.25386505572041373,0.003322376231435095,-0.1695409456235952,0.10770980029611066,0.35116098189156203,0.22939847284086204,0.30924566412179505,0.10623137771485931,-0.2969197191133892,-0.03629776848481972,0.054411456985203346,0.19451038290064238,0.1671252903574856,-0.038131624053488106,0.3222420618539861,0.20690107474782446,0.2354668434425589,0.22994234006706937,0.20966282280745444,-0.1722143751815504,0.1280935222990633,0.19888512843908907,0.21031102017105852,-0.14171034021941978,0.3377905634865551,0.31791381182812806,-0.1710665903231396,-0.09900467804352227,0.2953304969586256,0.27449634334217854,0.10658830688202633,-0.1635488812159744,0.31413111568034313,-0.09938712993152166,-0.3922140315954377,0.08854872148520417,0.0993413599626383,0.2072761304426048,-0.3324732959523341,0.0,0.2243261002801853,0.11062406828836943,-0.1568684672044478,0.04678799930175821,-0.20948613060555815,-0.042373697416109246,0.2657499065555966,-0.11515476939316524,-0.016770341695548516,-0.04792921229410416,0.13880320572971605,0.42787248684940904,-0.10757786400215973,0.1678890012380611
ANKR,-0.13662121989741777,0.0,0.451174269049744,-0.4239045004787151,-0.09722341397046284,0.07436986939535133,0.0,-0.208373817356077,-0.09326400283522845,-0.31050967568194543,-0.18229665177958504,0.061683664621448975,0.1700047654982215,0.11016468138207841,-0.08095928326464563,0.12712988744097187,-0.0950302331786765,-0.046161943173906345,0.08857403936417027,-0.09955509130110247,-0.14135780244328972,-0.2023903549744504,0.22801801647954562,-0.08873096674810113,0.19177231144159218,-0.04228366638911911,-0.3078190913772038,0.0003268368954407186,-0.21515019672892027,0.04613332687862055,-0.07916648364862451,-0.25729020685107634,0.15966846538353252,0.025285725369379085,0.039686965256665964,-0.13519038319786866,0.04188924035928278,-0.3707763984643429,-0.1710312483259707,0.2496307514223302,0.24542946543886132,-0.2167603311098091,0.17611532266638685,-0.059754004766462226,-4.7765957715842355e-05,-0.17639330092294583,-0.03894224439884529,-0.047813883077885366,-0.28597322672843845,-0.4292056943717001,0.052358803284948595,0.09618215986222302,-0.34736419786151296,-0.0281375289387178,-0.012308183467243508,-0.008692790607875756,-0.3663331199801893,0.0,-0.2730983731375077,-0.16342901683747338,-0.12424361156321359,-0.12279897303446434,-0.2684766047280249,-0.24342550097681354,0.24205816986668538,-0.10943479354069026,-0.22114608258206714,-0.36451054959324675,0.03644811773261697,0.23791815377924924,-0.23641281697359734,-0.11324845707668588
VET,-0.4381291389976159,-0.451174269049744,0.0,-0.4689729211806844,-0.35784427673602187,-0.3726675488964023,0.0,-0.3106594402884208,-0.366861290891248,-0.5076277898923084,-0.28492838232961515,-0.22721323236634533,-0.13653265673452003,-0.08492830017219564,-0.24985895924771773,0.3416192104504072,-0.5127799935942667,-0.31673411856093525,-0.24053667458923994,-0.24767130404639554,-0.38124812481958803,-0.21070399073092777,-0.17829265183368892,-0.20152518879087278,-0.4347983907820013,-0.167080809718643,-0.5022687222763168,-0.3486190506028227,-0.33597934908130633,-0.3128043296417121,-0.33953343627672844,-0.08787400101408553,-0.3327236329084162,-0.2511620836171436,-0.1260182864232536,-0.3947773197990623,-0.21676850005790155,-0.31635055614224417,-0.2981735828048005,-0.3232497305980805,-0.10566023476498318,-0.24202327117967465,-0.3085565889441588,-0.24316668340483397,-0.5474167342757168,-0.4565375362825017,-0.20239991132393975,-0.1367905794888787,-0.18436708981346267,-0.4731750389220022,-0.2924175552623943,-0.5335150850784188,-0.4664635116000287,-0.23262643168831784,-0.10453714500157771,-0.2710858024645426,-0.6377327300129669,0.0,-0.46297588835756237,-0.29231078117806764,-0.503596351836608,-0.30027048373542575,-0.4657212293027334,-0.1759618372525203,-0.2823824228570868,-0.6569516340741587,-0.2902808879131423,-0.4636136146684978,0.03397058075293831,-0.09996808282646538,-0.3603027446502832,-0.23163617839289524
NEAR,0.25570112349607543,0.4239045004787151,0.4689729211806844,0.0,0.06995206263609847,0.24152681199008225,0.0,0.26287847830591676,0.14350773710355633,0.11879184394812496,-0.0008850137809982561,0.41399988232999474,0.31503576198340716,0.5678644758745859,0.10531636892233764,0.40853484929118444,0.40361432279768317,0.5083889532909738,0.4179598511627779,0.012456318183049217,0.15855664442565703,0.12287180020583112,0.42434808186456674,0.29113838944739495,0.362169826390379,0.28296841338170564,0.41447749598643424,0.11821501489560753,0.30610320277624836,-0.21270386247808393,0.3522305840021447,-0.09191322150457165,0.4478235922053318,0.3841011044253132,0.2759440461227102,0.3441410933652579,0.32723241172250733,-0.22824553478933768,0.5196977619900367,0.4744680772558437,0.16993729236429567,0.26748949365415975,0.15137425477873112,0.4785042057529656,0.08585855145324657,0.29598128743035834,0.4226191396067062,0.29441406856697616,0.09407600806511679,-0.009077283158445358,-0.1682361958744389,0.4005975257607616,0.27024079880238444,0.20037393826894262,0.1165576972796478,0.5146037930067016,0.0800469029838121,0.0,0.37982127360177786,0.5659676736493698,0.1890597026497043,0.2966737446506569,0.30448043858463003,-0.05439858416013352,0.11132711137095863,0.09943819705861859,0.23597874643045827,0.12646983891303995,0.055254488863441496,0.5123663130035643,0.296253830781007,0.33261996952699263
ETH,-0.04144947301229705,0.09722341397046284,0.35784427673602187,-0.06995206263609847,0.0,0.02866864148990786,0.0,0.04418733604492642,0.0029258605761348713,-0.00742982276551319,0.04501148014849199,0.23050295099703044,0.3570110398538499,0.12536502605659883,0.1253437822454763,0.46171592082764923,-0.21521390639220564,0.14691776603446133,0.2565741332120377,0.06785310138416055,0.029764331022910942,-0.015331359223871403,0.2532670848250207,0.23568005820026805,0.15208405037972933,0.05099594789967875,-0.16139369936867984,-0.010008078114985112,0.091762004066169,-0.2315965257543696,0.09010066711744405,-0.19920544293550838,0.1379783243499238,0.5089307324375413,0.15955083572885775,0.25474875709703526,0.25372038334547453,-0.43113127741762974,0.2018615890586966,0.2971506566903355,0.2277352102306126,0.15889889347122466,0.007405727511370107,0.3261614787635708,0.011558705024311038,-0.04917692460094935,0.15249510283837542,0.11787237576086769,-0.1654624625277749,-0.22021945224329828,-0.1719850881737778,-0.06240371122962889,0.026481124695743062,0.046292909795740925,0.012319279329611812,0.120278719008842,-0.1243282603728766,0.0,0.23836160057756564,0.2221382584319205,-0.256200888978145,0.07614308116413324,-0.11950065436284214,-0.16465363356933474,-0.041026941607941424,-0.09533694080462216,0.20903699704416123,-0.050164864136411524,0.32477481498318933,0.19428444481148163,-0.08846848534790482,0.13046807678703634
EOS,-0.028377091104143833,-0.07436986939535133,0.3726675488964023,-0.24152681199008225,-0.02866864148990786,0.0,0.0,-0.0009415132032191825,-0.008052161272918551,-0.3185916440597723,-0.16944420671744015,0.12723738034655294,0.3153968930301078,0.2096237971407682,-0.0881957310541649,0.4954381397682732,-0.1947832524119646,0.05950649206658438,0.2273225477939423,-0.005304198486069514,-0.11474369026974404,-0.07513644113598118,0.21244491686113567,0.2508114280402219,0.1614930454985573,0.1490206541396229,-0.26705441236373767,-0.17649573729659856,-0.006256358233756323,0.023995930804796395,0.05143980392074248,-0.2480048243301738,0.14667617105935998,0.2523395600625212,0.15109181479450878,0.06913837213524575,0.15435533909173996,-0.1356696550554794,0.13427331181165528,0.05705558389213207,0.27634227916530907,-0.08470855907912316,0.10377106865005253,0.11427762115131487,-0.15852126786095558,-0.0910482650311083,0.18521564027920764,0.23717860191855328,-0.06066602700596009,-0.2929740388726035,0.12600700676236634,-0.20499221481438673,-0.17670594433272083,0.04871473458734802,0.2045871840521535,0.05629409095338392,-0.2357672252671026,0.0,0.024612238162502395,0.10419246875528321,-0.19969242494560593,0.06805319580239766,-0.24455643384588338,-0.1372341787368959,0.07971113810938277,-0.38079888939088746,0.04642453474890791,-0.13171084247669793,0.18190289864874665,0.2627515451440598,-0.214589655030221,0.10570517964485532
BAKE,-0.0,-0.0,-0.0,-0.0,-0.0,-0.0,0.0,0.0,0.0,0.0,0.0,0.0,0.0,0.0,0.0,0.0,0.0,0.0,0.0,0.0,0.0,0.0,0.0,0.0,0.0,0.0,0.0,0.0,0.0,0.0,0.0,0.0,0.0,0.0,0.0,0.0,0.0,0.0,0.0,0.0,0.0,0.0,0.0,0.0,0.0,0.0,0.0,0.0,0.0,0.0,0.0,0.0,0.0,0.0,0.0,0.0,0.0,0.0,0.0,0.0,0.0,0.0,0.0,0.0,0.0,0.0,0.0,0.0,0.0,0.0,0.0,0.0
GRT,-0.12087193282630257,0.208373817356077,0.3106594402884208,-0.26287847830591676,-0.04418733604492642,0.0009415132032191825,-0.0,0.0,-0.22472049134104433,-0.26696797535834377,-0.43653448370965353,0.20654508259790913,0.2398129512151303,0.2003706461903064,-0.029240152596896968,0.26509085632469526,-0.06790824173173585,0.1052539364520156,0.19682687244585878,-0.018172945904276823,-0.1451300078146495,0.037446419720302146,0.2765918681584117,0.03471319334706138,0.05997363395215395,0.08940925681570669,-0.24106380377633813,-0.13578321604377347,-0.0723807829244019,0.00044516952964826495,0.14228181226593117,-0.1005434571824156,0.16569981208767082,0.3451964512459823,0.2634223518388238,0.10896699982506833,0.12013221674801029,-0.33516127209660973,0.10840172473692218,0.056654514967287246,0.18301128908572614,0.10732022456827912,0.16819696361876876,0.20811199669854924,-0.09394766350790147,-0.14460369814182467,0.22193774080304413,0.12718590972677674,-0.15529176201894365,-0.0858002820199753,-0.01481441020007486,-0.1746496767776767,-0.16862013001720322,0.16197279631683142,0.08461615049485213,0.07493749375978538,-0.3463011889777555,0.0,0.16207425649952617,0.024914413329391705,-0.17104193655113803,-0.08392794654717253,-0.15165461910921116,-0.2923203813185724,0.09486852973872147,0.007991296119004107,-0.15154700688712547,-0.06157166484407603,0.20095185136787183,0.3131208095955219,-0.0291228433585059,0.057076298897616964
REEF,0.2145590967310536,0.09326400283522845,0.366861290891248,-0.14350773710355633,-0.0029258605761348713,0.008052161272918551,-0.0,0.22472049134104433,0.0,-0.26903456097460504,-0.44194679215938987,0.13108447322680972,0.10775476254227773,0.5554077400828555,-0.31303429569016905,0.4619603217642708,0.08652858464282054,0.19919590361215614,0.3811373524638735,0.0024173088715220073,-0.13415290868491747,0.07977757505324184,0.32403774737715607,0.34635168600303673,0.09098196534134885,0.21954163894294404,0.030068143121044656,-0.07015921681551683,0.143649258659717,-0.04924210876435248,0.23822567305263456,0.2715906850371459,0.32110187721626465,0.25461008730880696,0.2899880701549623,0.24515409545363206,0.30032597054301086,-0.18313924417864647,0.4309029686585749,-0.03209965976475754,0.02626496257254718,-0.3547128711074068,0.26356743159579255,0.3950138196673067,-0.13583874526948583,-0.08027916566560994,0.2876713130967307,0.29424920756537704,0.09731660759588363,-0.2148688219583012,0.04294232088108965,0.13501298820834703,-0.27323488193072953,0.12674224684509344,0.060606690984487524,0.3720982881243406,-0.06139636828016275,0.0,0.3116928856810106,0.12709354442576315,-0.10192299746270492,0.05630940307493644,0.011549612141867352,-0.09938347719842144,0.16316226805672723,0.0014473424086165615,0.2111436457261136,0.09010713988097803,-0.11761390484747253,0.6957272473115361,-0.14565131514945776,0.27472463167259986
INJ,0.22523842690986182,0.31050967568194543,0.5076277898923084,-0.11879184394812496,0.00742982276551319,0.3185916440597723,-0.0,0.26696797535834377,0.26903456097460504,0.0,0.08241248257433101,0.500514235092103,0.32545344015097283,0.3849463937750549,0.3743873622307561,0.3120914712607741,0.32736266662067187,0.4333587691764032,0.4348838983593236,0.05862424716079972,0.1852978860547256,0.014840172538809981,0.4333177421807003,0.04901660643276032,0.5089808746513421,0.2542022539658603,0.4260358878666951,0.33295007820569134,0.27424865744533866,-0.16783218353519838,0.20512806222403948,-0.5184670749897692,0.35915782276119496,0.30805937629409913,0.057932520114976016,0.26964446021262944,0.1960432975918322,-0.33036852921752147,0.1609763218931692,0.763437293808741,0.4136624015871363,0.1828679562550487,0.3352322684264749,0.3551460077892612,0.17601566481055342,0.2976749751349489,0.3663607349275658,0.17442497971303897,-0.11062704870508056,-0.2942172732072469,-0.05266723443318372,0.2034185780099133,0.09176472769157691,0.172318395731166,0.15943783080623966,0.48380967230977945,-0.04902656026312294,0.0,0.2691878504613635,0.47409116424681086,0.273549137005427,0.3071598282760026,0.22854991011506753,-0.09247249195140596,0.32178694512415007,0.11721423205204988,0.014662612291765187,-0.05370151254531698,-0.08530484787204734,0.17153199403870545,0.2813159246568976,0.05283884664058579
FIL,0.40201378372289115,0.18229665177958504,0.28492838232961515,0.0008850137809982561,-0.04501148014849199,0.16944420671744015,-0.0,0.43653448370965353,0.44194679215938987,-0.08241248257433101,0.0,0.214380286193431,0.23455715520574233,0.41239418261712085,0.028551754064581603,0.5031310991514358,0.1434248271176265,0.3201250339214258,0.6324024821196539,0.12221165409963308,0.2538042697696836,0.2230721548305017,0.3452214375895642,0.21591262422045532,0.2452329672887457,0.611678628883623,0.23634763934191969,0.28919509353245204,0.28181568304559257,0.2701082753424624,0.2948544644066246,-0.33383869966703006,0.30960666567764655,0.28573056046026457,0.5846573901544545,0.2542549768494122,0.5203057120447312,-0.047793360332713336,0.09469700560326846,0.03799579632527808,0.3654291000446549,0.003797146829973619,0.44605856943184546,0.4348635080856929,0.11185409875725716,0.17359579353024684,0.43076097767061133,0.49398267989091355,0.2886737771536133,-0.008961743378615328,0.17633312484480498,-0.011281688710293919,-0.014479507012503723,0.17912496325860502,0.38239302239416023,0.5448918884349092,0.048392752530131505,0.0,0.323944096709244,0.034067319293782164,0.08117688030351139,0.25691524014947026,-0.044986469643270854,-0.04838353957190801,0.3198525476713528,0.09106326039471652,0.1327658509351373,0.17414687859916705,-0.2943521841842726,0.46515140607759103,0.05983296434550742,-0.0023824473629257825
MATIC,-0.17119633833693793,-0.061683664621448975,0.22721323236634533,-0.41399988232999474,-0.23050295099703044,-0.12723738034655294,-0.0,-0.20654508259790913,-0.13108447322680972,-0.500514235092103,-0.214380286193431,0.0,0.14335584685661776,-0.02594020688782256,-0.13738026937029035,0.17164383438392883,-0.33371099259695725,0.09225457409624205,-0.03175746513563968,-0.26679587692709344,-0.11253614374524293,0.08872970916362771,-0.013071862113501614,-0.05736952060664183,-0.13439067970869822,-0.07049264752396214,-0.4493974396995423,-0.09331710843876888,-0.17325788034831538,-0.09452977908677307,-0.14659172379020177,-0.158974636726582,0.003710971385557371,0.12531458954675848,0.08123052405983675,-0.15120738219124902,-0.0508971078033143,-0.2476412020708702,-0.04812527033510335,-0.1928439512423185,0.060642400608873534,-0.02739983594496151,-0.1747049778218513,0.004665558431012462,-0.27406808051237863,-0.1880240084048983,0.05564337513267942,0.16371163555259827,-0.2596586229972922,-0.445324908645517,-0.1636773374823318,-0.17953970823765944,-0.31457826063370553,-0.061939102670625926,0.04452337368275011,0.034534634853167934,-0.5053617252826451,0.0,-0.10656144509238608,-0.0012257775462538312,-0.29582270223529195,-0.1360457963755295,-0.30846368229140975,-0.3296765874311429,-0.21862936934186275,-0.2438173395591966,-0.17402482854358703,-0.301470769036015,0.25081589295225604,0.036287509972245,-0.13308582391256518,-0.08489862915460233
BCH,-0.28494892200982697,-0.1700047654982215,0.13653265673452003,-0.31503576198340716,-0.3570110398538499,-0.3153968930301078,-0.0,-0.2398129512151303,-0.10775476254227773,-0.32545344015097283,-0.23455715520574233,-0.14335584685661776,0.0,0.008830752939439634,-0.1536817515721739,0.3451392385866468,-0.3713924445249296,-0.24328335897911207,0.0794399954795939,-0.12296692991104395,-0.3459143128344631,-0.16745927002513714,-0.029753746150856714,-0.09324596153819675,-0.1383606451554002,0.07501532151236873,-0.34828558783318353,-0.41217394854148703,-0.2076094663720822,-0.25212063462638795,-0.20352257308526783,-0.218769064671086,-0.16928236782472994,0.058902260846903615,0.13415921696651878,-0.20957545236003272,-0.07553061466872821,-0.3060011469696039,-0.1363716437102672,-0.14309075001427538,0.032277472022474496,-0.11915012010155268,-0.22432691217776896,-0.09862404700108847,-0.389973807833628,-0.31628750806266265,-0.040032365886286225,0.0011983809300849524,-0.1576584188126622,-0.34571318995250666,-0.24673527786817268,-0.3813060932880584,-0.22908929335700473,-0.19582417489559417,0.09608028547983394,-0.17645525376658494,-0.38578225872468475,0.0,-0.3505025254823655,-0.16176406232834942,-0.453293431009387,-0.15976814292406433,-0.318717440956665,-0.12924622022649918,-0.17009190157796386,-0.6797445298603243,-0.2246099982775794,-0.3637082689563349,0.008776158288318403,0.10302064460142339,-0.2788561273969439,-0.09216197129985518
IOST,-0.3808530478055106,-0.11016468138207841,0.08492830017219564,-0.5678644758745859,-0.12536502605659883,-0.2096237971407682,-0.0,-0.2003706461903064,-0.5554077400828555,-0.3849463937750549,-0.41239418261712085,0.02594020688782256,-0.008830752939439634,0.0,-0.26317512026490497,0.03822996505283478,-0.34219418249688616,0.10271857289178227,-0.3926261703637436,-0.48067546006242573,-0.27523991768783074,-0.2225225270389286,-0.06122300580148672,-0.16209986768544885,-0.30694555337727053,-0.3326084665671931,-0.25150470785582246,-0.25666146651493416,-0.3152794026082953,-0.07660441004254466,-0.18107979626021642,0.23518438221015642,-0.006008373169927306,0.19076384058235374,-0.042317370285440165,-0.12424107980088511,-0.3100817898834886,-0.17300260674245552,0.20103809897649366,-0.17342147532161095,-0.11795098933884722,0.08191991627856218,-0.3334256886172368,-0.05227650555469665,-0.48573294119543886,-0.07797580761037864,0.040693720199764055,-0.09429891231233217,-0.3534009344199711,-0.1610578984737594,-0.1923486568930387,-0.13457102104609492,-0.30439409690532404,-0.07153382513285811,-0.1314212320753927,-0.009831266489512776,-0.5313685604843604,0.0,-0.020995370115086134,0.034697891563215386,-0.3203570469727365,-0.28657127836802704,-0.10392760083169318,-0.49291406688485184,-0.32959833527670523,-0.22914342453227105,-0.36924580555354325,-0.16882202599671003,0.35403972106246395,0.11298971842778659,-0.04924990566166261,0.18697083536554818
CHR,0.0671704248140316,0.08095928326464563,0.24985895924771773,-0.10531636892233764,-0.1253437822454763,0.0881957310541649,-0.0,0.029240152596896968,0.31303429569016905,-0.3743873622307561,-0.028551754064581603,0.13738026937029035,0.1536817515721739,0.26317512026490497,0.0,0.29130977744064374,0.009594973809211413,0.2585853638178687,0.3583116476269611,-0.029256193825404328,0.053203914230614865,0.19255009548394575,0.11735093138569887,-0.07944411108790567,0.2867903630314359,0.4167545278927791,-0.06538640847875052,0.16733503917056525,0.013407137259172364,-0.01902119081214229,-0.09587708612794776,-0.12781225813836983,0.3206638701722979,0.032586614984317364,0.13453277053043788,0.06263635378004423,0.25045131860939956,-0.2331972299116696,-0.03417860449727005,0.10469831667558285,0.2724071830496432,0.03541207220359012,0.13557991922476142,0.012303583063875856,0.09023452542040639,0.061029359437019676,0.34991749334187594,0.3419669173357964,-0.07457216134678718,-0.14601327299747113,0.007955062102569813,0.1965179752553292,-0.17696570828664107,0.10625279943671698,0.22757534350297656,0.26977458134575216,-0.22584907437504914,0.0,0.023879572918456243,0.25625080532137484,-0.05310731070364885,0.10700105281927016,-0.22669218178921058,-0.18879390576570493,0.12814936739866087,-0.06925782816530995,-0.34314717726970706,-0.08523185765639948,-0.23983887927188918,0.32868653751264654,-0.005077034130747726,-0.15360718611458113
EGLD,-0.488082913178034,-0.12712988744097187,-0.3416192104504072,-0.40853484929118444,-0.46171592082764923,-0.4954381397682732,-0.0,-0.26509085632469526,-0.4619603217642708,-0.3120914712607741,-0.5031310991514358,-0.17164383438392883,-0.3451392385866468,-0.03822996505283478,-0.29130977744064374,0.0,-0.49083730928424485,-0.20480405686656084,-0.19017738902281728,-0.48652634950009743,-0.4762702095504364,-0.13085874901158442,-0.3604917618752012,-0.3879018189783162,-0.5775694472509559,-0.15896831505543715,-0.25002306797075735,-0.46029734690741647,-0.5101420786522992,-0.38991770104150597,-0.2726716963365557,0.4868415608862823,-0.3262144255954653,0.08942175164304503,0.05110333338931384,-0.16800288233441893,-0.3159434136841802,-0.5530513439492153,-0.009125429236932416,-0.4191938957654538,-0.4401171571123976,0.10464071868116637,-0.5232000913078264,-0.22330682161351872,-0.5091779086105128,-0.31149817342748376,0.020941872522233687,-0.2831869282218033,-0.33204866423433166,0.050263435588939386,-0.5348881656375841,-0.16015260095185485,-0.38670378468699684,-0.2412308686644289,-0.2484373034705555,-0.22380415580681734,-0.5769212217864164,0.0,-0.19516933158702218,-0.2558232504533393,-0.6437698822362813,-0.37480973525649974,-0.22342247717280347,-0.4962581982811716,-0.5110968353895822,-0.3144314215538041,-0.4372865844678605,-0.17439972496746914,0.01952658828000256,0.0881328373456382,-0.15200437373184278,-0.14908256863083882
HBAR,0.04070163654351089,0.0950302331786765,0.5127799935942667,-0.40361432279768317,0.21521390639220564,0.1947832524119646,-0.0,0.06790824173173585,-0.08652858464282054,-0.32736266662067187,-0.1434248271176265,0.33371099259695725,0.3713924445249296,0.34219418249688616,-0.009594973809211413,0.49083730928424485,0.0,0.30048294053651387,0.06253951725481456,-0.07067369256422637,0.04955682025056367,-0.020879599066089778,0.3044037880268592,0.24932173614474387,0.17577643527523223,0.08433739325588566,-0.07765307887448952,0.03961011312515992,0.028792388170423733,-0.12742825236959976,0.20876380124840455,-0.23697220209365083,0.19483955437983527,0.1494656320297843,0.06750826836121089,0.1044265575330279,0.23988015891219389,-0.3568767181387529,0.22726772521532462,0.23953821535769992,0.28289303394972387,0.014623002479089042,0.09189065077309624,0.22104487268932838,-0.05073417113654205,0.04677937350678965,0.359816028056026,0.14352783116623705,-0.31114021173321804,-0.2703804147487667,-0.03197824680043526,0.09311992495619034,-0.06897001836923299,0.1417216086453715,0.22147181066240185,0.26640649724625076,-0.2385060698146419,0.0,0.12537357296500387,0.09358929756618009,-0.017196478282346758,0.17643560486267068,0.003944353641784588,-0.3357761372266134,0.053475779209003704,-0.044486105194643646,0.160123141304708,0.006956893115178435,0.1685772533075457,0.13601016818073933,0.09698391633151063,0.03225464863907533
ZIL,-0.11584378755887001,0.046161943173906345,0.31673411856093525,-0.5083889532909738,-0.14691776603446133,-0.05950649206658438,-0.0,-0.1052539364520156,-0.19919590361215614,-0.4333587691764032,-0.3201250339214258,-0.09225457409624205,0.24328335897911207,-0.10271857289178227,-0.2585853638178687,0.20480405686656084,-0.30048294053651387,0.0,0.06420930702729552,-0.18767496434573566,-0.10588604636958845,0.10888302915822308,0.14703053298371674,-0.11116836404516563,0.07890261403660007,-0.001132436502759876,-0.5647047877742537,-0.08261367375980853,-0.2415518945478762,0.32323593950316126,-0.14520304826088537,-0.19165389131193458,0.08454320477713412,0.11988186472865733,0.3113826490861588,-0.2151713268817146,0.1209894590922656,-0.1284326317481183,-0.18851467964439142,-0.16341331754156496,0.18794209124950556,-0.07409043465861612,0.10910430133533924,-0.043953915793217765,-0.23124992598808933,-0.1291846655133604,0.055181681089130886,0.21154861324450458,-0.13337546037483883,-0.25637025323900803,0.21265892256836075,-0.29746378613312907,-0.34952705158637115,0.015536344115603447,0.2049117185551888,-0.043799767284333144,-0.5313838256091789,0.0,-0.16245179409445965,-0.37111258784406287,-0.30345293587912586,-0.16653347750547812,-0.2792839769872149,-0.2595230119609223,0.028906773726902632,-0.22469167545068333,-0.26118153886150464,-0.23790681242464323,0.07547087113537596,0.09065750848935983,-0.14844278061208,-0.24813237783503034
ALGO,-0.25386505572041373,-0.08857403936417027,0.24053667458923994,-0.4179598511627779,-0.2565741332120377,-0.2273225477939423,-0.0,-0.19682687244585878,-0.3811373524638735,-0.4348838983593236,-0.6324024821196539,0.03175746513563968,-0.0794399954795939,0.3926261703637436,-0.3583116476269611,0.19017738902281728,-0.06253951725481456,-0.06420930702729552,0.0,-0.27944560233572097,-0.4549157630596248,-0.13922197293605004,0.08845081470431898,-0.010026857377911404,-0.15429056088288495,-0.07229833825583755,-0.17186050217643944,-0.36491562653888165,-0.2604856670284381,-0.25554672032843095,0.02158189007290022,0.3162795614643021,0.0791798189718643,-0.03865275768694243,-0.02770758257421984,-0.08239012713662942,-0.10438142819287344,-0.4688110369206653,0.19936605845279864,-0.1058693110125126,-0.17819423810335558,-0.26210045514732927,-0.0297026020178721,0.04651966391249179,-0.3657218809969489,-0.27058300290730003,0.10417878986706511,-0.02908493438840201,-0.13421716517512652,-0.2927872892575024,-0.16051135836049465,0.12947930704382485,-0.4086213088274723,-0.10484530476629225,-0.16213433384818451,0.039941821834380574,-0.44040216452196335,0.0,-0.1677964034738003,0.010781430281701369,-0.2950316002058894,-0.1544893112038205,-0.19702102100842944,-0.3075212909679962,0.007310027153032708,-0.26625753680899417,-0.2199816487215156,-0.28422922302031817,-0.08068926209768446,0.5267037105515896,-0.2550721544278533,0.15058888934466252
DENT,-0.003322376231435095,0.09955509130110247,0.24767130404639554,-0.012456318183049217,-0.06785310138416055,0.005304198486069514,-0.0,0.018172945904276823,-0.0024173088715220073,-0.05862424716079972,-0.12221165409963308,0.26679587692709344,0.12296692991104395,0.48067546006242573,0.029256193825404328,0.48652634950009743,0.07067369256422637,0.18767496434573566,0.27944560233572097,0.0,-0.07871659070923745,0.2051220609580511,0.2385705951447331,0.10201615803860889,0.31954792805662013,0.23716495591769493,-0.1256517783116609,0.16447509250142162,0.14073647640641124,0.19138628143219583,0.21152344698545877,0.07844998638081661,0.35507451412657154,-0.03874020078658526,0.19271547553772195,0.17526869383045074,0.21485268463997245,-0.1517498021265143,0.06862540519643887,0.18735501633516885,0.15864830961094173,-0.0016494525985048247,0.23565010364895556,0.27196205479346025,-0.0942920044786011,0.10095377242591841,0.3319831631435396,0.39444922251223163,0.2579092261447242,0.019156871555893906,0.20750702745788513,0.2261048292476794,-0.28738488050618355,-0.08636492105592543,0.1642818520816164,0.3535633597545061,-0.223887659864385,0.0,0.10279573768956894,0.28892856387971566,-0.05797776370262416,0.14944001826029207,-0.24449242059620152,0.06916032888419174,0.2825836683367566,-0.0661460719467801,-0.08341027181168162,-0.08611080474811277,0.011598142602716644,0.4505946789014832,-0.017938323875294704,0.2719411671512429
DASH,0.1695409456235952,0.14135780244328972,0.38124812481958803,-0.15855664442565703,-0.029764331022910942,0.11474369026974404,-0.0,0.1451300078146495,0.13415290868491747,-0.1852978860547256,-0.2538042697696836,0.11253614374524293,0.3459143128344631,0.27523991768783074,-0.053203914230614865,0.4762702095504364,-0.04955682025056367,0.10588604636958845,0.4549157630596248,0.07871659070923745,0.0,0.07573386077627581,0.3360282876861349,0.18841986292495608,0.3020097240265788,0.39183603726762756,-0.09057294122253161,-0.007759764322312655,0.08043236369060788,0.20040159600110696,0.0725209293616371,-0.3079943531928133,0.2796831777954551,0.3130485679829767,0.42779495070437157,0.07765754784212844,0.31067951253560966,-0.1114894797640916,0.15621936333271866,0.0744228346469863,0.33219923639071447,-0.005673466584866699,0.2625607229415529,0.1463656073999696,-0.061996523070694365,0.08937700790245581,0.2637901575220036,0.35935018477656355,-0.009381841293691892,-0.16632814620730682,0.1978597579068571,-0.2201404581776856,-0.06905003959915934,0.15024398415397178,0.466353555019819,0.12277772747039929,-0.1502361800096043,0.0,0.09128358056261339,-0.1261653448071443,-0.15615415403719585,0.08593132370142237,-0.028432693340574702,-0.06810139071576651,0.18419112595001852,-0.28781723083291266,-0.05145516633088966,-0.024806504298005808,-0.08941205476572821,0.4020571663308637,-0.044742137393453035,-0.014296137636995158
ALICE,-0.10770980029611066,0.2023903549744504,0.21070399073092777,-0.12287180020583112,0.015331359223871403,0.07513644113598118,-0.0,-0.037446419720302146,-0.07977757505324184,-0.014840172538809981,-0.2230721548305017,-0.08872970916362771,0.16745927002513714,0.2225225270389286,-0.19255009548394575,0.13085874901158442,0.020879599066089778,-0.10888302915822308,0.13922197293605004,-0.2051220609580511,-0.07573386077627581,0.0,0.15039359337972583,0.03707829266522679,0.1339207594191642,0.04599140979638991,-0.05213764803160961,-0.10159116505725288,-0.12064849733534078,-0.027609437529590178,0.08566475498407847,0.056765753060468827,0.12141590430121986,0.2457713139198846,0.1842620948893556,0.07890003280074179,0.09142712712761104,-0.4571671120610359,0.12807495299379582,0.09213037471838928,0.1583629628955891,0.005090432921650789,0.10866998840666578,-0.0018728824700473684,0.022534084756389045,0.06504264324489029,0.1094426215780513,-0.06768680138809441,-0.19888848007844218,0.0641518083049599,-0.08061738592799564,0.17218354451670412,-0.026670422832590468,-0.12300338722905191,0.06131220839111523,-0.0964301234057503,-0.09934924781662949,0.0,-0.0243251483931812,-0.15547139793851253,-0.10321589874918444,0.020445917113385365,0.04217391782901678,-0.3367133380020777,0.19423518129875347,-0.017964477878476062,-0.12783841842068117,-0.0380894246422972,-0.024692116528853454,0.3007141609475188,-0.005944672550870805,0.08897028482904706
IOTA,-0.35116098189156203,-0.22801801647954562,0.17829265183368892,-0.42434808186456674,-0.2532670848250207,-0.21244491686113567,-0.0,-0.2765918681584117,-0.32403774737715607,-0.4333177421807003,-0.3452214375895642,0.013071862113501614,0.029753746150856714,0.06122300580148672,-0.11735093138569887,0.3604917618752012,-0.3044037880268592,-0.14703053298371674,-0.08845081470431898,-0.2385705951447331,-0.3360282876861349,-0.15039359337972583,0.0,-0.05615618222603144,-0.23167624885842086,-0.09591091121007062,-0.47810706785658097,-0.30618832085259545,-0.26255222829882163,-0.23298855978581873,-0.1285604859254201,-0.22131986267583315,-0.15410014785013904,-0.12181876135061481,-0.023342706861556095,-0.24719377762556255,-0.16396572278254565,-0.32372175347590293,-0.15952759115200493,-0.11901962828047533,0.018466214102723096,-0.08948195203634995,-0.17175449834499498,-0.09327382258369678,-0.42137086866116963,-0.3887579468375216,-0.016048135336634836,-0.04441219207849939,-0.1363908559623724,-0.4192037081934205,-0.21929258652967712,-0.3549548298639331,-0.408035399569084,-0.14672517379886257,-0.05432772774871225,-0.152869120016851,-0.6279135152137272,0.0,-0.3586960831676068,-0.15018889188201345,-0.3714277479366275,-0.20437603900718132,-0.44825005880333557,-0.15858525336870727,-0.15230818721273687,-0.5793784219684492,-0.20553910530039943,-0.41662147388133275,0.1655695788463872,0.02893892692504614,-0.2742746163039201,-0.1378922537252975
LINK,-0.22939847284086204,0.08873096674810113,0.20152518879087278,-0.29113838944739495,-0.23568005820026805,-0.2508114280402219,-0.0,-0.03471319334706138,-0.34635168600303673,-0.04901660643276032,-0.21591262422045532,0.05736952060664183,0.09324596153819675,0.16209986768544885,0.07944411108790567,0.3879018189783162,-0.24932173614474387,0.11116836404516563,0.010026857377911404,-0.10201615803860889,-0.18841986292495608,-0.03707829266522679,0.05615618222603144,0.0,-0.06375297583936973,-0.010950707978687125,-0.08777352569666153,-0.23533664601369697,-0.036334546102357854,-0.3635625549500541,-0.055802520922916835,-0.027486267295350614,0.0049193159238468745,0.31456252907883225,0.1613587424553134,0.12594188704509,0.007458646938042893,-0.3583339188262129,0.18621176546805052,0.1492130871412418,-0.13698759187135895,0.22563305662642485,-0.29687878219218006,0.2725653794560275,-0.37161862522981803,-0.0718707939019595,0.1331783843926352,0.003377589320033972,-0.08226946040276303,-0.17431226370552294,-0.33143807723720464,-0.22802153258564517,-0.014833152927336613,0.008745456025255713,-0.009850496624363714,0.11086746865774075,-0.3506796936878845,0.0,0.1064828870354668,0.20072690205213414,-0.41535630189511513,-0.042398663492046254,0.007008685760913812,-0.10877840134748695,-0.33340199289021344,-0.3108249567079412,-0.053836547534131474,-0.1492047676223892,0.2369365851199724,0.16316655096240337,0.06747463055254199,0.18072854884887593
XTZ,-0.30924566412179505,-0.19177231144159218,0.4347983907820013,-0.362169826390379,-0.15208405037972933,-0.1614930454985573,-0.0,-0.05997363395215395,-0.09098196534134885,-0.5089808746513421,-0.2452329672887457,0.13439067970869822,0.1383606451554002,0.30694555337727053,-0.2867903630314359,0.5775694472509559,-0.17577643527523223,-0.07890261403660007,0.15429056088288495,-0.31954792805662013,-0.3020097240265788,-0.1339207594191642,0.23167624885842086,0.06375297583936973,0.0,0.007048604435437061,-0.2786702087608668,-0.2869626851212604,-0.1391335354083684,-0.3081150183897671,0.018256805587079386,-0.10959139278599597,0.03649334398526431,0.16522753190805134,0.011758320550376539,-0.021070446638208812,0.050582843365817365,-0.5760040765457893,0.04994118578828157,0.09125282771623491,0.32911243936655377,-0.2550330068937805,0.08879972011123873,0.11290703208528777,-0.29481433172275373,-0.21650295847516768,0.19887784675587852,0.09832616595249088,-0.1651315759887303,-0.377810307204709,-0.21221286089473446,-0.050606226624472894,-0.31735264930397894,-0.3106049028405763,-0.06078465045764078,0.11279451205577284,-0.39186985325080126,0.0,-0.16187215706996344,0.08227121323875833,-0.26608242596776865,-0.018972642068987022,-0.3434178744302738,-0.3538816230449128,0.18742114917309288,-0.506431858935253,-0.14955948663361007,-0.27156596904691566,-0.029484885540498287,0.30076023301244403,-0.30471232499023126,0.11635369879406554
LRC,-0.10623137771485931,0.04228366638911911,0.167080809718643,-0.28296841338170564,-0.05099594789967875,-0.1490206541396229,-0.0,-0.08940925681570669,-0.21954163894294404,-0.2542022539658603,-0.611678628883623,0.07049264752396214,-0.07501532151236873,0.3326084665671931,-0.4167545278927791,0.15896831505543715,-0.08433739325588566,0.001132436502759876,0.07229833825583755,-0.23716495591769493,-0.39183603726762756,-0.04599140979638991,0.09591091121007062,0.010950707978687125,-0.007048604435437061,0.0,-0.18703642314510707,-0.19602420493516212,-0.16014831477610697,0.017039605117464413,0.021566174059875293,0.4099212862056907,0.15695865463913028,0.0696324709673504,0.09624393393505094,0.061419326614880684,-0.021384900094065074,-0.367242558208526,0.19474804581637334,-0.02742451665712896,-0.08093282218381316,-0.3184917033475906,0.06165891727245245,0.11119196506873467,-0.18901928550347502,-0.18436720561716466,0.21267657407930798,0.048005236492715236,-0.1623224059850567,-0.09801376413947206,0.02780645569413915,0.2164388114839252,-0.4846050496754724,-0.06045887590892446,-0.04069872286643831,0.10565115113215337,-0.3065548593720292,0.0,0.04537247507770323,0.023368897613248334,-0.27201484991112745,-0.14431043635518123,-0.13261100525756692,-0.3142747861019802,0.10414279462291766,-0.05489237156317997,-0.21261753112269965,-0.08744587071801381,-0.1320012969489579,0.47700220003696797,-0.2254253143324729,0.1338343967196247
ONE,0.2969197191133892,0.3078190913772038,0.5022687222763168,-0.41447749598643424,0.16139369936867984,0.26705441236373767,-0.0,0.24106380377633813,-0.030068143121044656,-0.4260358878666951,-0.23634763934191969,0.4493974396995423,0.34828558783318353,0.25150470785582246,0.06538640847875052,0.25002306797075735,0.07765307887448952,0.5647047877742537,0.17186050217643944,0.1256517783116609,0.09057294122253161,0.05213764803160961,0.47810706785658097,0.08777352569666153,0.2786702087608668,0.18703642314510707,0.0,0.255183770147212,0.12036596963677493,0.2971346173839674,0.19717269389711847,-0.21275876876524835,0.4861413298809678,0.24260032415651778,0.29080594094924017,0.06564266696406343,0.2736413942853984,0.19332662569535344,0.28031554054926777,0.1823801171363599,0.29232947175962654,0.11002677625206789,0.3023969530983096,0.251174196121633,0.001622950290878597,0.07103207713607834,0.39638488483566164,0.4084534520963353,-0.16236400108587448,-0.21340345255695994,0.28185277513401097,0.08838354066142509,-0.1708760035666031,0.47758762365852314,0.32308550917175033,0.4698654268125797,-0.1876479078284073,0.0,0.35039846445854345,0.19071639813414554,0.19055410007508367,0.07962902977445686,0.11958510216957471,-0.22294831881363852,0.12855168408028683,0.26307827867715905,-0.03941350134240316,0.10779225263008976,0.20179380906177413,0.32110650550596576,0.21764448196336134,0.03379950846659502
SXP,0.03629776848481972,-0.0003268368954407186,0.3486190506028227,-0.11821501489560753,0.010008078114985112,0.17649573729659856,-0.0,0.13578321604377347,0.07015921681551683,-0.33295007820569134,-0.28919509353245204,0.09331710843876888,0.41217394854148703,0.25666146651493416,-0.16733503917056525,0.46029734690741647,-0.03961011312515992,0.08261367375980853,0.36491562653888165,-0.16447509250142162,0.007759764322312655,0.10159116505725288,0.30618832085259545,0.23533664601369697,0.2869626851212604,0.19602420493516212,-0.255183770147212,0.0,0.052403852463329265,0.20969934657114817,0.06617791862396888,-0.17324001053153043,0.29281622645532573,0.3246143460063809,0.17719066319287707,0.1112335175582369,0.1852220485111431,-0.1510108150026143,0.15198579330734518,0.004683007963097188,0.45618478632289716,-0.055904882143833975,0.38648528404006666,0.07645960259602046,-0.137773961835747,0.079057438195925,0.2642478584032377,0.32988540842382974,0.05567853102209645,-0.160548529126798,0.2822509789110479,-0.22477469407493694,-0.28185088882889536,-0.010557888298825324,0.20259070907066726,0.043951626046631914,-0.31162978289671794,0.0,0.16339527116093416,0.014320581584447684,-0.07104950878834167,0.0591019837155162,-0.2664288146989128,-0.1852394903675965,0.3175745006122323,-0.2802884320733109,-0.1349946809960891,-0.04970605215620537,0.05926831763317762,0.3689553273133745,-0.17463121881098842,0.047825393517186884
