,ROSE,ANKR,VET,NEAR,ETH,EOS,BAKE,GRT,REEF,INJ,FIL,MATIC,BCH,IOST,CHR,EGLD,HBAR,ZIL,ALGO,DENT,DASH,ALICE,IOTA,LINK,XTZ,LRC,ONE,SXP,KAVA,AXS,ADA,SOL,ONT,ETC,MANA,SNX,ZEC,CFX,YFI,WAVES,LTC,CHZ,XLM,COTI,DOT,OMG,SUSHI,FTM,BNB,UNI,STX,RUNE,THETA,HOT,1INCH,FET,KSM,SLP,CRV,IOTX,BTC,AVAX,ENJ,CAKE,XRP,TRX,ATOM,AAVE,DOGE,NEO,SAND,QTUM
ROSE,0.0,0.11580682551819932,0.09355617904377345,0.07101786809832261,-0.20096181076374975,-0.0031418590635359234,0.0,0.07254264595603749,-0.042869777393929165,-0.12575800020734168,0.07284361444373882,0.12824986419635093,0.05216150032152436,0.13245172100017338,0.03370860254286939,-0.10846314482807537,0.05571626573654026,0.12500912934352315,-0.07362812116700734,0.10661479168286014,0.19532806595537638,0.10788525911875393,0.09566223765438536,0.006448528231122602,-0.021930840504813726,-0.202304298473922,0.08359446889484218,-0.06626943729252865,0.01788006211717652,0.02558867516894109,0.18891914573145419,0.09849459891176021,0.07045477755684315,0.10265435518451294,0.05364403364867615,-0.26755216103527835,0.04557670909757361,0.1492951183198749,-0.12129375759792418,0.09390602678834922,0.060034282715466236,0.10798125381231855,-0.014288513020997873,0.13507151570841908,0.19364851456180238,-0.039758233809129545,0.09660198021614158,0.07833819559500571,0.169211400394771,0.03015023856092336,0.17836029048097024,-0.01811292962330563,0.07468521692573721,0.13545794508739706,-0.20957227970994702,0.0591500999630265,0.15699297344846053,0.0,-0.35551803743949906,0.05562562173223068,0.06071041942965427,-0.10061969143545496,0.10117969592718645,0.008506121818229032,-0.1281680199371102,0.043047948801800295,0.09679274434048046,-0.3330786989342602,-0.18103814929416587,0.17473898842510352,0.10984310944281866,0.03767161189734469
ANKR,-0.11580682551819932,0.0,-0.05097066175178444,-0.05109767814443683,-0.22520650555304103,-0.05259154451198381,0.0,-0.010294606051936578,-0.11287203710013463,-0.09610393675583082,-0.03914234561211344,0.01849346957953185,-0.005647874197762297,0.008955074728577928,-0.07358066091917725,-0.13115871030153897,-0.06112365326552205,0.010946693281462638,-0.13080450307953453,-0.005427974647708833,0.08430170085737818,0.094367646363331,-0.013701395707569619,-0.06454679091436319,-0.0877706479690753,-0.1609734964254661,-0.02829724890111296,-0.13776508443451874,-0.08630549376829083,-0.10390597092395476,0.09682081084135846,0.008315143964091498,-0.03633458010305807,0.019956949280660857,-0.07102046778336746,-0.24074005384085587,-0.04955873974025468,0.1987066045557883,-0.1280681435958968,0.015062195191830413,-0.004090208095945874,-0.018063635430168312,-0.03261889169960529,0.008342192342227384,0.081665231328789,-0.07384076470359291,0.017549651880926276,0.004573953364197747,0.06527070679878039,-0.0619255984461235,0.033172728334417534,-0.1008602880156787,-0.03585519386137498,0.01900042670139268,-0.17981644787762527,-0.04917277954380389,0.044609048238202886,0.0,-0.30179585488352423,-0.0511185344199942,-0.031262811904078314,-0.12784955961128602,-0.04104022111137884,0.021852206444412048,-0.16382366075846636,-0.06970037313286537,0.019118339568435005,-0.2759109288637555,-0.1364457354772016,0.06270986103372378,-0.013527402681816791,-0.03984763201065797
VET,-0.09355617904377345,0.05097066175178444,0.0,-0.039445924950044176,-0.25326831961698115,-0.07715601512646825,0.0,-0.006155259491829379,-0.1389788813195261,-0.1370476316072868,0.011894719926822839,0.04492822388899975,-0.05308179614574772,0.04178941209474102,-0.042830082045455076,-0.15580434372807495,-0.021498286215834772,0.027582718111715088,-0.13948115255507776,0.04376433122078249,0.09216254960330791,0.10071795570699937,8.940030318205228e-06,-0.09692356831117116,-0.10769047378057856,-0.2364635907527542,0.01659989448592314,-0.12429007578747558,-0.07958490287007763,-0.06092294047888003,0.10695318782173491,0.03920676319124783,-0.0144028644726919,0.004837032358368437,-0.033177259324964736,-0.3081294573435558,-0.05211627421696943,0.14315827934986197,-0.17425759116377568,0.023196821637685272,-0.04344191835256134,0.025842443973273066,-0.07394445177160495,0.0530936692496487,0.09736031771555909,-0.10690297098566545,0.01592473614348,0.04155066397666246,0.09130432365632063,-0.029318461284136732,0.08793565946373139,-0.0660331833300955,0.0033007710564953996,0.07559148925786746,-0.1981060829269886,-0.018732676041448293,0.08813958532847815,0.0,-0.3444851236038599,-0.02679106402805642,-0.02750540675000185,-0.15916473980773457,0.014150094765513654,0.057121593396431566,-0.17388817434159387,-0.031215276615753518,0.010436516989546729,-0.3309205338123656,-0.1685472162204391,0.07515255113611818,0.019764333410499046,-0.02450908244268174
NEAR,-0.07101786809832261,0.05109767814443683,0.039445924950044176,0.0,-0.2138573557039548,-0.021805716373269418,0.0,0.007608033790835966,-0.09086926859828243,-0.12465881554691415,0.028336722987395868,0.035534245547896914,0.028457271829361308,0.032944315561358406,-0.03539425689356279,-0.15204178874718494,-0.005213046274606503,0.05708192410278373,-0.09774262327268546,0.02797063747968237,0.11733684846954553,0.15312110559553935,0.013264348170372031,-0.009471852604955505,-0.03519659700504979,-0.16941170981878062,0.016037831186100526,-0.11880566467089809,-0.02501653343548943,-0.0521145846632759,0.10983954829168208,0.0052447142585775874,0.010838054281163634,0.0477552220616726,-0.005388296821036531,-0.23847704902838085,0.0028857528140044386,0.18014509848934424,-0.09577074852414734,0.03607516570477859,0.0022210728626041454,0.029542853781739264,-0.02288553097967011,0.04064759173750526,0.106802052165549,-0.03818205479143655,0.037506143666370284,-0.026299521680647364,0.06656624461959043,-0.054847934443070345,0.07907527451277013,-0.09517596650303212,0.004123095706047075,0.04764784855243531,-0.1983024701748322,-0.012607721262703542,0.07431909954820315,0.0,-0.2640979519813702,-0.01017882663896047,-0.02041415473041419,-0.12056849345924789,0.03222425548892882,-0.018670726601915988,-0.15342375955206633,-0.011226869986840637,0.04136377255542811,-0.3130131966018514,-0.2042825421559173,0.0870953155751858,0.017050340905725603,-0.017840607223468086
ETH,0.20096181076374975,0.22520650555304103,0.25326831961698115,0.2138573557039548,0.0,0.10762691005378205,0.0,0.15002354756934871,0.09442398157686116,-0.03111099140155371,0.21268783151519588,0.23847522041835095,0.13727728184802718,0.18209471697683605,0.1847336568475074,0.06074607127559217,0.22938958735033407,0.24624480693971046,0.11813460904813355,0.20335182098024748,0.2609014090409736,0.16112518034598963,0.19092430944264333,0.15396062988094333,0.11081782678129859,-0.035452309819946626,0.2426640644851662,0.1090236953848443,0.21575583329370152,0.23261116797155737,0.241584742141032,0.16127415727915667,0.1704059287725923,0.19434033453762628,0.24343748373782198,-0.06462260015743321,0.13502269654213578,0.05539305755242767,-0.05693581378669432,0.13851402043609135,0.16298153586248187,0.24210773971393618,0.07300114017892079,0.24764152597968636,0.27085855385420443,0.066056444969397,0.24030116380647482,0.16606221531422646,0.22572623937638628,0.1828128141548836,0.24114256513245572,0.09637739777464793,0.2030546961685094,0.2554914021763727,0.021407765984202354,0.2399509253754054,0.24091935174720003,0.0,-0.16537777270158932,0.22629033559334724,0.18871489363976351,0.027720267658185138,0.2788983966598647,-0.026480786717183305,0.04414923391468972,0.16919242388896183,0.19339174979649865,-0.12683911855969127,-0.032916467623026524,0.230556990219028,0.24847722632512992,0.06570929517770158
EOS,0.0031418590635359234,0.05259154451198381,0.07715601512646825,0.021805716373269418,-0.10762691005378205,0.0,0.0,0.04197032189898797,-0.02929586727096356,-0.07308584097181453,0.0309588883414548,0.06847331037890914,0.01685485362436706,0.05629956153536636,-0.040317335173528826,-0.030092696805261387,0.02728958670395225,0.04897261994930857,0.026452014585503725,0.046256765137091205,0.11612914253028594,0.09761685950032595,0.03359509032716723,0.042983015009146475,-0.05078405898750071,-0.0268700960800895,0.06272327219956934,-0.06695399973466076,0.031789614148834466,0.03483235202254928,0.14109357664696914,0.050716661393144624,-0.014313383655466416,0.05514088458439942,0.06874801325470531,-0.05261686289243217,-0.03903081899631766,0.03785076299771797,-0.11193513176671543,-0.014794740855309352,-0.0006762853295335103,0.06278635264560069,0.04287956725325326,0.09256670704218924,0.12723267608789224,-0.08904545759462035,0.17567081224811623,0.095502665840945,0.08153707126674736,0.11670988195983226,0.11946281271338575,-0.031320746604151656,-0.0007759566974263749,0.10553694050941856,0.040659476693645114,0.06760212574391689,0.03782300489152557,0.0,-0.21104601044729643,0.052180237042990074,0.01542192366464773,-0.0855265985937686,0.1086286739964407,-0.0720871985063134,-0.018320683761586687,0.025480244452704415,0.07523955592161713,-0.13337053080009847,-0.06577832374173076,0.0715428997295412,0.039666871610991306,-0.08631299702989517
BAKE,-0.0,-0.0,-0.0,-0.0,-0.0,-0.0,0.0,0.0,0.0,0.0,0.0,0.0,0.0,0.0,0.0,0.0,0.0,0.0,0.0,0.0,0.0,0.0,0.0,0.0,0.0,0.0,0.0,0.0,0.0,0.0,0.0,0.0,0.0,0.0,0.0,0.0,0.0,0.0,0.0,0.0,0.0,0.0,0.0,0.0,0.0,0.0,0.0,0.0,0.0,0.0,0.0,0.0,0.0,0.0,0.0,0.0,0.0,0.0,0.0,0.0,0.0,0.0,0.0,0.0,0.0,0.0,0.0,0.0,0.0,0.0,0.0,0.0
GRT,-0.07254264595603749,0.010294606051936578,0.006155259491829379,-0.007608033790835966,-0.15002354756934871,-0.04197032189898797,-0.0,0.0,-0.0691014712341928,-0.08828172897497777,-0.02458352206738501,0.016540401227657264,0.010286809240011296,-0.020872908084953457,-0.07846525870110972,-0.07076501868666801,-0.02022114031011138,0.005049537429597739,-0.03313133805408941,-0.03450690918128571,0.0682639419489699,0.15721529167247855,-0.02002739304169221,0.02856195445308285,-0.07397553853370864,-0.03021873862735386,-0.0016222624518477669,-0.12791907737484287,-0.005583901903833732,-0.03996426961489291,0.10503290737684734,-0.005228360712714986,-0.06784144160873423,0.005430091062048337,0.014348830741228252,-0.04392817362093421,-0.08446997493293823,0.009923016078715933,-0.14495674672570885,-0.0226146885522579,-0.031153021072987452,0.009417799850061248,0.018298405069431367,0.009695998563057362,0.08029419546867345,-0.08380972542339138,0.1374228572532562,0.004091020693328118,0.01914596471053931,0.01393640568326382,0.044175778937171395,-0.0963485902327233,-0.04319344597918934,0.023671474734999948,-0.017272566872623685,0.005564018253759073,-0.010966205300757426,0.0,-0.1777282418395116,-0.008779896584835467,-0.035637867527916145,-0.10194690165425335,0.05074030136336731,-0.12488006606897037,-0.05528433038295272,-0.054769815379628994,0.04484282284951546,-0.13421993010918143,-0.11480312807757986,0.022868513693795445,-0.016607119809714327,-0.11495076803254045
REEF,0.042869777393929165,0.11287203710013463,0.1389788813195261,0.09086926859828243,-0.09442398157686116,0.02929586727096356,-0.0,0.0691014712341928,0.0,-0.10250897621862665,0.10213192485966613,0.11937071874206567,0.07791131424675998,0.09394663137714931,0.02810566494823033,-0.03451424904118383,0.08814270131140634,0.12551619956754861,0.02451704196609983,0.09325835293976331,0.17717308664586356,0.09307374029246863,0.09378295164004652,0.07709649560717458,0.03229257789624401,-0.0770196956596643,0.11583072925709462,-0.03179017176237564,0.07940165361822837,0.07558140747603409,0.1827951296450972,0.06982601480641637,0.05792189642993939,0.11110357351508837,0.10933006078967711,-0.11722588707380954,0.04667203021811284,0.05859685998220824,-0.06807039772670717,0.07014960994155761,0.06347190390670315,0.11968537846786945,0.04050485745912624,0.1346369353170354,0.17231796320704068,-0.008686796514677964,0.15799581444786853,0.07276170447891683,0.12826174377145683,0.08153754152157755,0.16455932930706518,-0.0381475390502774,0.07302150222436696,0.13166319838943785,-0.06768492462015993,0.10065843011983494,0.11383872334518005,0.0,-0.25999147202634754,0.08796911065507101,0.06547734950615114,-0.04510907660732916,0.14797305515239073,-0.11129364908011202,-0.07822056320135212,0.07440754988223297,0.1185110517314002,-0.20293464263035166,-0.1045214895034006,0.142083423074447,0.10050446620310333,-0.002962191313456486
INJ,0.12575800020734168,0.09610393675583082,0.1370476316072868,0.12465881554691415,0.03111099140155371,0.07308584097181453,-0.0,0.08828172897497777,0.10250897621862665,0.0,0.08196182582613146,0.12176211405608162,0.09932505453648205,0.0811411882431077,0.03084517914132439,0.06613194273958861,0.10975356034091126,0.11981737831837491,0.12519994115320932,0.058185499171318336,0.15717999946024974,0.18275629569648705,0.09613319153991925,0.13187925273343692,0.06925346740615884,0.10163045372145546,0.12315927668188079,0.0322379269406769,0.16045005485093977,0.12050577587465265,0.1707291170354846,0.07435658674904319,0.04509671861098977,0.12241804911064968,0.1528418744099926,0.09712616288956194,0.05121432990286112,0.047824445940683726,-0.028247319867186427,0.04811798949439278,0.10652926685089509,0.11515253456975147,0.11016938747436211,0.11585808195251715,0.16129060030618594,0.027126072334508644,0.21721914523550398,0.08520909686477424,0.1085870152295565,0.11983649827746895,0.12697653670676196,-0.0011420011014404152,0.04315842932529226,0.13534230890013985,0.1067468080491587,0.1449041876126913,0.05669673380374135,0.0,-0.10986204685408835,0.13067980252685607,0.09896397868446002,0.03259209244337735,0.17631183285906676,-0.1426378420945185,0.0742176180903491,0.08267138801832061,0.14309815392114278,-0.00975666464782704,0.009837012624967223,0.11504022558918231,0.10110280233731257,-0.04031282559481944
FIL,-0.07284361444373882,0.03914234561211344,-0.011894719926822839,-0.028336722987395868,-0.21268783151519588,-0.0309588883414548,-0.0,0.02458352206738501,-0.10213192485966613,-0.08196182582613146,0.0,0.06573785160747364,-0.012016457269951146,0.05692085585652348,-0.048597253670386864,-0.09785234400414838,-0.022669100517041574,0.04940134581155764,-0.08937275319991123,0.04244826140591712,0.12410813829204131,0.10625114567285018,0.02156619783178476,-0.06546086965885951,-0.07815240516231306,-0.1605230036786814,0.017868831835059107,-0.0950615471999654,-0.06031261600468607,-0.05842852615379751,0.13780156649377637,0.058949551171813885,-0.003217059583597859,0.04760085098328218,-0.03211163628947522,-0.2550981459891841,-0.029605782490665727,0.2320593317880131,-0.13521684490750482,0.034903302496889915,0.0071839300171442355,0.01947907001698268,-0.00970002602924222,0.06259370678807402,0.12098513084790288,-0.07952056592737383,0.053414431751409086,0.07201079123981208,0.11984623849985604,-0.0011710113332839556,0.0861361897307053,-0.05078791230306878,-0.008199184608664312,0.08382310759067124,-0.13468634279502678,-0.0032678852281504134,0.08350528860252665,0.0,-0.33466059294374884,-0.004173303081194957,0.006822946465595281,-0.12105053283823032,-0.0017564779481008541,0.06999847399918377,-0.1258415702496177,-0.023306142113626693,0.05161949442002492,-0.27924270372043286,-0.0953870721637689,0.09997632793182207,0.02738860033440199,-0.0246882051987746
MATIC,-0.12824986419635093,-0.01849346957953185,-0.04492822388899975,-0.035534245547896914,-0.23847522041835095,-0.06847331037890914,-0.0,-0.016540401227657264,-0.11937071874206567,-0.12176211405608162,-0.06573785160747364,0.0,0.0008873301578066345,-0.011160825445255596,-0.08074550526681579,-0.16652033722336007,-0.06395221746265262,0.0015351718016133886,-0.1423855403287255,-0.04634598126565265,0.078691601564782,0.11012377100681547,-0.03441818246381706,-0.03611243293749353,-0.09028698442758795,-0.14286586981508154,-0.04750922381978445,-0.1686326894703966,-0.08354838643323459,-0.11803699371184667,0.08843160518308124,-0.0194457622479986,-0.06309422338300136,0.005221123580524789,-0.06473128100731534,-0.2095944989512457,-0.05512154521936197,0.13512057234478722,-0.14551492987089906,-0.010601817256006063,-0.023997814077025892,-0.021871320027559038,-0.029415856523059225,-0.022330125095100906,0.07053628036042697,-0.0709978584340612,0.034770807356489075,-0.0404197796579272,0.03264062851662336,-0.09107601270737437,0.019572772840386554,-0.12592299808211282,-0.05748163985320859,-0.018832429805015927,-0.17967458128388564,-0.06655633120350063,0.011581587269269111,0.0,-0.28711598025194257,-0.06421318192940262,-0.057515422690397944,-0.1370942382419952,-0.03256984017577097,-0.08654627419033305,-0.16216462583728417,-0.09403374174699708,0.008346897403411602,-0.2771999407124254,-0.1840714785584606,0.04276521294271668,-0.03545863073718242,-0.07563652153052441
BCH,-0.05216150032152436,0.005647874197762297,0.05308179614574772,-0.028457271829361308,-0.13727728184802718,-0.01685485362436706,-0.0,-0.010286809240011296,-0.07791131424675998,-0.09932505453648205,0.012016457269951146,-0.0008873301578066345,0.0,0.01668919810962266,-0.08019477809282263,-0.07709604010977772,-0.015340906503127447,0.0010735797092267518,-0.0004460217413413403,0.01925850349175008,0.05668533390665109,0.04189054050616084,-0.009526498115416115,0.03178779163949719,-0.06713690257308491,-0.06080845554427683,0.015137918799756327,-0.0820525450495456,0.0052004285089152225,-0.00404494968437738,0.04287447240312381,-0.01467419271615264,-0.04823538650206763,0.00881815942984554,0.02014967970678735,-0.05733246534074138,-0.051518817138356154,-0.06418423951437441,-0.07556851552284494,-0.062310476874893383,-0.0590880092900436,0.007130990242611636,-8.304617919902002e-05,0.03612908334331668,0.0658609678250541,-0.1327307046575891,0.08568141797721085,0.03280944134931832,0.010670808930696829,0.0705433199824487,0.07545862814349441,-0.04522011569918073,-0.036838420906029595,0.06087456291885833,-0.01457030798015807,0.007341975685976401,-0.008639881614004294,0.0,-0.1639975047737147,0.01262994705970831,-0.03682951713826102,-0.11327748493459483,0.06338745267394524,-0.002814180345550886,-0.050744143619768506,0.024386879222545177,0.008418812177483359,-0.17242697452734493,-0.12945745941387876,0.013107098720454013,-0.021494721773703575,-0.11492788038107918
IOST,-0.13245172100017338,-0.008955074728577928,-0.04178941209474102,-0.032944315561358406,-0.18209471697683605,-0.05629956153536636,-0.0,0.020872908084953457,-0.09394663137714931,-0.0811411882431077,-0.05692085585652348,0.011160825445255596,-0.01668919810962266,0.0,-0.11614140881995652,-0.09068878330207752,-0.07812864228006777,-0.024374188205286418,-0.08532992581563742,-0.04624790298023912,0.07424649186414495,0.058672891156509234,-0.015064530210573412,0.0048332447014654,-0.07732990095771797,-0.08126363398558062,-0.04348542783813136,-0.1582966779557975,-0.07627099758555517,-0.09217592125757579,0.1274131043452415,0.023957566345770065,-0.06604598781287924,0.002510584940243865,-0.05578431287840374,-0.11700384155691561,-0.08214371394061937,0.0024128200793672137,-0.13767652234789896,0.02525723829067006,-0.03967525927699256,-0.03056985103757287,0.01198272444798526,-0.001342368512597003,0.0860565520665354,-0.08212705835906112,0.10436610711289346,0.026436165576382176,0.052375953285810906,-0.010161426437080179,0.053753348996025796,-0.0621071143471385,-0.06335885171973898,0.0036598402778226236,-0.09907931128364084,-0.04029418188781575,-0.008879104950320793,0.0,-0.25757231280373766,-0.052242500054253016,-0.043929859674885885,-0.10886046406899086,-0.010917170352265526,-0.04020707166344216,-0.12328852396932752,-0.058340548250806645,0.02891200933386112,-0.17613612101406173,-0.11720750815419026,0.042234878412322485,-0.029192111899315976,-0.04462529693132544
CHR,-0.03370860254286939,0.07358066091917725,0.042830082045455076,0.03539425689356279,-0.1847336568475074,0.040317335173528826,-0.0,0.07846525870110972,-0.02810566494823033,-0.03084517914132439,0.048597253670386864,0.08074550526681579,0.08019477809282263,0.11614140881995652,0.0,-0.1129305966620092,-0.0002719265886304556,0.10998698251470024,-0.07301010492678711,0.09202860223687859,0.18689662116106526,0.07599657517090479,0.08346275027830286,0.007863487453519127,0.01382253535447922,-0.1677203242368104,0.043163916615295506,-0.03929192618547611,0.0002138263909427507,-0.04423039286167535,0.15523879438306903,0.08016584349397515,0.08021447360606646,0.11586481700445395,-0.01729960640522543,-0.26099466672608884,0.08394686524273455,0.16368381486415248,-0.04742056033746666,0.11207411855766428,0.09206222868225297,0.040464702792581464,0.014829899526105039,0.07854909514188879,0.16939414509215894,0.031947752845800925,0.03288617885759754,0.04431317581424832,0.14603804839320614,-0.04094711000135082,0.11347599248215179,-0.04531955429551909,0.04134286212216043,0.07796851257444803,-0.19710730561948672,0.006629706104458732,0.14745654474314923,0.0,-0.27371564924827674,0.0186526522259724,0.04710567292101958,-0.04871023387920062,0.006656180806334178,0.03542790056649454,-0.09857411058683282,0.03559352895091286,0.09737868275826841,-0.29738826071261204,-0.13968620985766064,0.17115093901272063,0.06065589071647892,0.06673793066051609
EGLD,0.10846314482807537,0.13115871030153897,0.15580434372807495,0.15204178874718494,-0.06074607127559217,0.030092696805261387,-0.0,0.07076501868666801,0.03451424904118383,-0.06613194273958861,0.09785234400414838,0.16652033722336007,0.07709604010977772,0.09068878330207752,0.1129305966620092,0.0,0.15252144078514088,0.17083799069953834,0.0421617859833715,0.0899376583771912,0.17342670857659825,0.17500125753392254,0.08916472973468348,0.08825223917633607,0.01912746882734595,-0.031073621463359236,0.1453657574202434,-0.005888309040636586,0.13011574627684563,0.12480698927453793,0.19379589046489332,0.0889811116575549,0.055778891180140844,0.11456422268682293,0.18135696658742062,-0.05896935233556594,0.04768514053690737,0.20706112386807063,-0.12135109195339763,0.023072637334406343,0.08717255188735867,0.17848295097787445,0.053896116940897465,0.1478266708470167,0.17430172789395604,0.00037882464319782816,0.2204072381350764,0.08734569234583833,0.1332028419631615,0.11238515745689315,0.1600069115615307,0.00884362755454321,0.10722086509852982,0.14623640643279776,0.010482860200226984,0.14391610412607309,0.12906743228248804,0.0,-0.18508183386012442,0.1406169697277089,0.09915719157014291,-0.02970955313480589,0.19818324962337974,-0.17944173445761952,-0.01678116299487209,0.038810285106012976,0.13143614242260243,-0.14046126272833287,-0.05194545788350402,0.13308782089980808,0.1414022215649032,-0.04831748549281556
HBAR,-0.05571626573654026,0.06112365326552205,0.021498286215834772,0.005213046274606503,-0.22938958735033407,-0.02728958670395225,-0.0,0.02022114031011138,-0.08814270131140634,-0.10975356034091126,0.022669100517041574,0.06395221746265262,0.015340906503127447,0.07812864228006777,0.0002719265886304556,-0.15252144078514088,0.0,0.0700686969123227,-0.1320262554292617,0.06349224165791356,0.13682418314050704,0.11910355711561806,0.03825264799190842,-0.05101761274694588,-0.05027167857925166,-0.23221770696234434,0.02491808103852028,-0.08880631988453724,-0.04349254888047699,-0.0434001247912813,0.11183231454644121,0.048118325960331276,0.034757985287740156,0.0598934163207685,-0.01735560343651049,-0.31582803539372467,0.020473421100600936,0.16664238163227715,-0.1093550607241815,0.05610594088492396,0.03063096146941935,0.04529649992747492,-0.056291220265226136,0.06934693168153333,0.12506607456990895,-0.050078617027178945,-0.0023432487732408247,0.027884769288753775,0.11413049272557424,-0.05113905556220666,0.10029400274952677,-0.057238838449736984,0.029089061092181623,0.07666053956261171,-0.24867396621925797,-0.010104858903131453,0.12005654526975756,0.0,-0.33603706892229734,-0.007355587653369855,0.01016338098669023,-0.1177295822495928,0.01838025266009119,0.04700782493269762,-0.17420939018444848,-0.0077827087192651745,0.03824570124179211,-0.3512418821221303,-0.18206803875037542,0.12226624197812783,0.05216362282395731,0.022607797383335404
ZIL,-0.12500912934352315,-0.010946693281462638,-0.027582718111715088,-0.05708192410278373,-0.24624480693971046,-0.04897261994930857,-0.0,-0.005049537429597739,-0.12551619956754861,-0.11981737831837491,-0.04940134581155764,-0.0015351718016133886,-0.0010735797092267518,0.024374188205286418,-0.10998698251470024,-0.17083799069953834,-0.0700686969123227,0.0,-0.12057445704029196,-0.012746263408314418,0.1083323549438644,0.09700194565538989,-0.02023768948535426,-0.025059220853567904,-0.08739406127401247,-0.1503219333328364,-0.030057546532123225,-0.14477593675666117,-0.07941757190974957,-0.1094127591725968,0.09424923401175378,-0.007276328855004122,-0.05086356028563005,0.02319635517948304,-0.0643041593120312,-0.23401044850864658,-0.04994416992794043,0.09681812617443873,-0.13331868648426998,-0.011260785645600013,-0.021316629296975143,-0.02459980853147714,-0.02217482670036755,0.006526940342279353,0.10091360133051103,-0.08525768127088512,0.04032209490867006,0.007167006769721873,0.05567740211579525,-0.04569173760555584,0.05025640480311988,-0.11671299758991849,-0.0652237147627045,0.0238260856751612,-0.14814155738625945,-0.05388657389062429,0.02602566363430686,0.0,-0.3147225301258236,-0.05533908323493336,-0.05170812319320567,-0.15944901384733456,-0.02417625865907813,-0.04895348094377945,-0.14922269809842728,-0.048759273730731356,0.017860725730953653,-0.30318578365762455,-0.173999488654549,0.06453244873743841,-0.028516895415501398,-0.07942879430298933
ALGO,0.07362812116700734,0.13080450307953453,0.13948115255507776,0.09774262327268546,-0.11813460904813355,-0.026452014585503725,-0.0,0.03313133805408941,-0.02451704196609983,-0.12519994115320932,0.08937275319991123,0.1423855403287255,0.0004460217413413403,0.08532992581563742,0.07301010492678711,-0.0421617859833715,0.1320262554292617,0.12057445704029196,0.0,0.09106694919952632,0.1387314871242552,0.22960781276920736,0.06202536459643948,0.017263409316771894,-0.0444836946369922,-0.10383894734032234,0.13336859248569077,-0.037995984230356716,0.07917601931525725,0.10623939550862299,0.17308329600905947,0.07766869892250361,0.019776092475501328,0.05817994807292598,0.158120353235896,-0.13249402496314588,-0.017929879406853866,0.14801900318348382,-0.17553297432282947,0.0018201812935255135,0.02078462058745356,0.16444555599070237,-0.006079397112766283,0.151734528168719,0.16476517416269326,-0.07207973374378679,0.18696068937810695,0.0947668450375993,0.12117616064828057,0.11287178006791715,0.16955118403678213,-0.01372149845581394,0.08842878206828686,0.16578628988773528,-0.03482251020713284,0.1306903699359043,0.12211872799963425,0.0,-0.25151698428232583,0.11155637399356017,0.059961154094720526,-0.09450240280579608,0.19706242735716134,-0.14913062358574258,-0.061084745857862055,0.026982380500638725,0.10060776815734201,-0.19777547653784044,-0.08669761370859125,0.09917856828206928,0.12819781123035537,-0.06552454600372176
DENT,-0.10661479168286014,0.005427974647708833,-0.04376433122078249,-0.02797063747968237,-0.20335182098024748,-0.046256765137091205,-0.0,0.03450690918128571,-0.09325835293976331,-0.058185499171318336,-0.04244826140591712,0.04634598126565265,-0.01925850349175008,0.04624790298023912,-0.09202860223687859,-0.0899376583771912,-0.06349224165791356,0.012746263408314418,-0.09106694919952632,0.0,0.1098182497231528,0.09290272168511138,0.008960010198461932,-0.04857686337449016,-0.08692991906180042,-0.1190793298502022,-0.02317845396175905,-0.12289154295287846,-0.07324311190821542,-0.08777872667773617,0.15273024891421405,0.05982174110146449,-0.0327163177029407,0.02986107205720387,-0.061373171797675374,-0.1975230866641249,-0.049356766821067516,0.1432906440259977,-0.13656373432261024,0.03696975389731333,-0.003801613012319821,-0.014417556383949315,0.005894595705765365,0.031649678245533386,0.11724185817745392,-0.06840345209614956,0.07898329305547958,0.07600719791552679,0.10400177792452664,-0.004070389680897346,0.07617112456127262,-0.05553432481040255,-0.04512464636457647,0.04749865861904978,-0.11434884390144778,-0.03145373953161579,0.0449823979519694,0.0,-0.32309352755135917,-0.034176418779170936,-0.012258284614531767,-0.10702040943870872,-0.02329431320586639,-0.014946081862905653,-0.14253223446065968,-0.04967613276074273,0.05339934254979861,-0.2303611738435899,-0.09170059631490976,0.08681476163182822,-0.005246688814461831,-0.03700495987804503
DASH,-0.19532806595537638,-0.08430170085737818,-0.09216254960330791,-0.11733684846954553,-0.2609014090409736,-0.11612914253028594,-0.0,-0.0682639419489699,-0.17717308664586356,-0.15717999946024974,-0.12410813829204131,-0.078691601564782,-0.05668533390665109,-0.07424649186414495,-0.18689662116106526,-0.17342670857659825,-0.13682418314050704,-0.1083323549438644,-0.1387314871242552,-0.1098182497231528,0.0,0.07921685155759722,-0.09863975926955892,-0.03661575006202289,-0.15938228454132358,-0.11360829656282981,-0.10908125623420889,-0.23055933238766887,-0.1344762978387705,-0.15682368395533505,0.026400139285856827,-0.07486105715275232,-0.15459056789346337,-0.07231815960132731,-0.10481331819059761,-0.12835815240270648,-0.16290717951792266,-0.037944252334417464,-0.17546045034482172,-0.09730899189389153,-0.12630387748789934,-0.0911286322881973,-0.047299868084738905,-0.07024714344738767,0.01497856542983167,-0.19056012032430508,0.031962766204506166,-0.050491906215793914,-0.04843152696893305,-0.0648542032057225,-0.016712249865013684,-0.15326497981127854,-0.14025146402985744,-0.055850409326004824,-0.12694873400526718,-0.10960912224718602,-0.09293208039998552,0.0,-0.2573839324776534,-0.11734649439283343,-0.13122229047846506,-0.19113055335536966,-0.055211328930780096,-0.06185255085920336,-0.15917785524735176,-0.12684951623237395,-0.04758980564322246,-0.23371477432261606,-0.20520013952334049,-0.050321720410955784,-0.11433825214221596,-0.1683303375480613
ALICE,-0.10788525911875393,-0.094367646363331,-0.10071795570699937,-0.15312110559553935,-0.16112518034598963,-0.09761685950032595,-0.0,-0.15721529167247855,-0.09307374029246863,-0.18275629569648705,-0.10625114567285018,-0.11012377100681547,-0.04189054050616084,-0.058672891156509234,-0.07599657517090479,-0.17500125753392254,-0.11910355711561806,-0.09700194565538989,-0.22960781276920736,-0.09290272168511138,-0.07921685155759722,0.0,-0.09498428542714957,-0.1002659736489549,-0.11563488684940082,-0.1489758060874009,-0.10218499245706412,-0.13157643507409372,-0.14788747861999058,-0.1338378549366006,-0.14320759630307286,-0.13793636867428105,-0.09674468429630873,-0.10797232116444012,-0.13694375168816494,-0.1596155633062537,-0.09624812051929858,8.673617379884035e-19,-0.07510950400690458,-0.10630354789230169,-0.05715804373340694,-0.0680536002768108,-0.1271896721476103,-0.08197912059839818,-0.09029927559569695,-0.1508669735646586,-0.16613164273137954,-0.17011400016496947,-0.07614554286824772,-0.1471825244942251,-0.11040770485915927,-0.1469480975037692,-0.0862154074425687,-0.12524019552771581,-0.21684168126020248,-0.0939313030519385,-0.08879219675997185,0.0,-0.12611811685954735,-0.15454948700171445,-0.11156720954472804,-0.1635565275710672,-0.09731165294559814,0.14252137463395392,-0.046866339856550115,-0.10294163749268444,-0.17001276956002273,-0.20200287700494546,-0.21973627071062585,-0.07460248043471412,-0.08400807200261429,-0.0670504573194234
IOTA,-0.09566223765438536,0.013701395707569619,-8.940030318205228e-06,-0.013264348170372031,-0.19092430944264333,-0.03359509032716723,-0.0,0.02002739304169221,-0.09378295164004652,-0.09613319153991925,-0.02156619783178476,0.03441818246381706,0.009526498115416115,0.015064530210573412,-0.08346275027830286,-0.08916472973468348,-0.03825264799190842,0.02023768948535426,-0.06202536459643948,-0.008960010198461932,0.09863975926955892,0.09498428542714957,0.0,0.001497794672040309,-0.07272278214889266,-0.09077182665786884,-0.010260415438678061,-0.14186764729714313,-0.03665592186500527,-0.05968707091289577,0.13010302246632527,0.02498260597146318,-0.0389888676591561,0.02969334665164708,-0.01873675807287195,-0.13129694745031306,-0.05352719399735684,0.11180645269338613,-0.12597976062442962,0.01014002094936578,-0.027493834898498992,0.0002501486661549146,0.0186865412059824,0.02496345013774587,0.09433438746847961,-0.08754254077097906,0.10797164412879728,0.032781004930576785,0.06384912230246015,0.006079530775931041,0.07132283557360786,-0.06811701290306527,-0.04150438182734373,0.03655028733399923,-0.09297506140903455,-0.01750624837568615,0.016747386167489275,0.0,-0.26669923385517635,-0.0187731793810188,-0.028055359630952237,-0.10986067991604415,0.018808120244558163,-0.03760391286409942,-0.11751846969497162,-0.0356523091579678,0.04700192483490756,-0.22055561069031734,-0.1330707745518886,0.06341805061498801,-0.014873670055959631,-0.06995306010670987
LINK,-0.006448528231122602,0.06454679091436319,0.09692356831117116,0.009471852604955505,-0.15396062988094333,-0.042983015009146475,-0.0,-0.02856195445308285,-0.07709649560717458,-0.13187925273343692,0.06546086965885951,0.03611243293749353,-0.03178779163949719,-0.0048332447014654,-0.007863487453519127,-0.08825223917633607,0.05101761274694588,0.025059220853567904,-0.017263409316771894,0.04857686337449016,0.03661575006202289,0.1002659736489549,-0.001497794672040309,0.0,-0.040644436913547466,-0.08305820261003433,0.08571075964039886,-0.06123576638000444,0.029990771230575475,0.03967786400791233,0.05788167481559825,-0.0161073539460021,-0.03204228193312236,-0.01903493904324205,0.08627932080052989,-0.08736393515827212,-0.0764082588644528,-0.07295514801399726,-0.15862198769907976,-0.026792837910823597,-0.07112058566948631,0.0701943979559901,-0.040690850593246786,0.06462065352470855,0.07737979858295951,-0.0886411987128155,0.07694245827928187,-0.008505761979609727,0.021580537057803217,0.035527879389019634,0.06956200377512917,-0.07858447284412812,0.04053225668836814,0.08826736849511739,-0.03457929907848206,0.06546529241435381,0.04525411035252308,0.0,-0.10502984769890265,0.05109658611662227,-0.030430600738098113,-0.11972507392449006,0.12617037268649195,-0.019213529276140243,-0.026102963524560596,0.013079149611639973,0.015437868984971514,-0.16458580237945514,-0.17376292375361418,0.007342495753616063,0.039724420251070786,-0.08336691290680803
XTZ,0.021930840504813726,0.0877706479690753,0.10769047378057856,0.03519659700504979,-0.11081782678129859,0.05078405898750071,-0.0,0.07397553853370864,-0.03229257789624401,-0.06925346740615884,0.07815240516231306,0.09028698442758795,0.06713690257308491,0.07732990095771797,-0.01382253535447922,-0.01912746882734595,0.05027167857925166,0.08739406127401247,0.0444836946369922,0.08692991906180042,0.15938228454132358,0.11563488684940082,0.07272278214889266,0.040644436913547466,0.0,-0.04308764559900624,0.08916606789610038,-0.02942580031657771,0.05029023686910461,0.04879767931692358,0.15874248294251497,0.06264243483482174,0.044409384278234654,0.09899302532064314,0.06734333075901527,-0.0957321128412103,0.014007656687098136,0.10084585656996758,-0.06444932747144488,0.05760065585919355,0.0327706691578844,0.06978447774112238,0.06179567856201451,0.11363000014978522,0.15386113430268203,-0.046195123158375595,0.14704094998739525,0.0790894928225741,0.12078534062418075,0.09024546888756024,0.1275559769281499,-0.03992990785891376,0.029027550860746487,0.1257036158401091,-0.004352390042301424,0.08394039277007498,0.08982031896454018,0.0,-0.20464882032648904,0.07969367601264774,0.04007658198410813,-0.05080246064641303,0.10252404665700085,0.04827885164679986,-0.005215357340276783,0.0703805711461421,0.11325349804008605,-0.1682137067354121,-0.08568839459351082,0.1147317451042636,0.07034823421026118,-0.023728004646782652
LRC,0.202304298473922,0.1609734964254661,0.2364635907527542,0.16941170981878062,0.035452309819946626,0.0268700960800895,-0.0,0.03021873862735386,0.0770196956596643,-0.10163045372145546,0.1605230036786814,0.14286586981508154,0.06080845554427683,0.08126363398558062,0.1677203242368104,0.031073621463359236,0.23221770696234434,0.1503219333328364,0.10383894734032234,0.1190793298502022,0.11360829656282981,0.1489758060874009,0.09077182665786884,0.08305820261003433,0.04308764559900624,0.0,0.20699279207317212,0.06935578573595155,0.18381491134855965,0.23707480757645338,0.09478393771283936,0.043277031585596565,0.06720961271689546,0.08069756972415254,0.2652272405060921,0.007286544142917295,0.043029925510614464,-0.027075838156992327,-0.08875516944651457,-0.011753130472985374,0.06304491314331861,0.22614969287835246,-0.0025365543966809345,0.17737531283933888,0.12490798168412334,-0.0036285714246022116,0.1735512938035714,0.052864374983377704,0.07717702764584458,0.14397532847916877,0.15926198568998942,0.011841286784772559,0.1537066365844501,0.18337760904370243,0.06954279273228148,0.21105859076572125,0.11615049622477723,0.0,-0.066171927214707,0.17684581597711,0.10314886407396237,-0.017632354506192438,0.2926668664319262,-0.17774597060031455,0.05618960419145419,0.0974997809724523,0.09182886363834986,-0.05664627583919535,-0.033208642204149985,0.07870359570943863,0.18880733280957454,-0.055102104291575416
ONE,-0.08359446889484218,0.02829724890111296,-0.01659989448592314,-0.016037831186100526,-0.2426640644851662,-0.06272327219956934,-0.0,0.0016222624518477669,-0.11583072925709462,-0.12315927668188079,-0.017868831835059107,0.04750922381978445,-0.015137918799756327,0.04348542783813136,-0.043163916615295506,-0.1453657574202434,-0.02491808103852028,0.030057546532123225,-0.13336859248569077,0.02317845396175905,0.10908125623420889,0.10218499245706412,0.010260415438678061,-0.08571075964039886,-0.08916606789610038,-0.20699279207317212,0.0,-0.12745977306365408,-0.07451468534188538,-0.06995546679293485,0.11865311592024827,0.03366042560842453,-0.01631364980984562,0.02930368269575931,-0.036883545613574875,-0.28846271049235833,-0.03233565122488449,0.18710691433494359,-0.15139529032555016,0.024345370299481583,-0.0032206294128814816,0.017968954799854386,-0.05192884189851367,0.045596219241704206,0.10463557544224994,-0.08663288784572484,0.011893720382856576,0.02735267885813092,0.0955056339039736,-0.053563098546792476,0.07856450844522833,-0.09564828672920406,-0.008790290900241304,0.057483280944392534,-0.21441221614070338,-0.03005345991449171,0.07721777355318726,0.0,-0.3596750465310015,-0.02938949046108197,-0.016538779941214776,-0.12769738716717832,-0.0025281892530075734,-0.0048212438898034005,-0.1857571707015721,-0.052468368639033924,0.03180013997961345,-0.32513202345613745,-0.16442433821378216,0.08750366430598266,0.02134787167877228,-0.03210375745814312
SXP,0.06626943729252865,0.13776508443451874,0.12429007578747558,0.11880566467089809,-0.1090236953848443,0.06695399973466076,-0.0,0.12791907737484287,0.03179017176237564,-0.0322379269406769,0.0950615471999654,0.1686326894703966,0.0820525450495456,0.1582966779557975,0.03929192618547611,0.005888309040636586,0.08880631988453724,0.14477593675666117,0.037995984230356716,0.12289154295287846,0.23055933238766887,0.13157643507409372,0.14186764729714313,0.06123576638000444,0.02942580031657771,-0.06935578573595155,0.12745977306365408,0.0,0.0866161190646747,0.061364280462061216,0.25714065513100093,0.14475154354799202,0.10036749195108263,0.15036380345723385,0.10481529229795084,-0.12771195335766258,0.06678958034246335,0.11367108170840112,-0.10592190714420582,0.11700651902544212,0.10647812350766084,0.12048255423907439,0.08977579543392106,0.1549013337112216,0.2365653397489168,0.012108934449512387,0.18911008865034212,0.1335021844571957,0.20328667932307715,0.0911280219622797,0.18834941116004383,0.017058454184966154,0.08650974219111318,0.17363114645345784,-0.0699568608526609,0.12414038901753194,0.1584286135069345,0.0,-0.2517703363948536,0.11506875657231203,0.11227517091108652,0.01343347599169925,0.12826079995353085,-0.08524294222117257,-0.016978083880137163,0.08474304126475646,0.16757193191542252,-0.1844848585492729,-0.045060346157968945,0.1960756804827689,0.1344941324327531,0.0570708101392739
