,ROSE,ANKR,VET,NEAR,ETH,EOS,BAKE,GRT,REEF,INJ,FIL,MATIC,BCH,IOST,CHR,EGLD,HBAR,ZIL,ALGO,DENT,DASH,ALICE,IOTA,LINK,XTZ,LRC,ONE,SXP,KAVA,AXS,ADA,SOL,ONT,ETC,MANA,SNX,ZEC,CFX,YFI,WAVES,LTC,CHZ,XLM,COTI,DOT,OMG,SUSHI,FTM,BNB,UNI,STX,RUNE,THETA,HOT,1INCH,FET,KSM,SLP,CRV,IOTX,BTC,AVAX,ENJ,CAKE,XRP,TRX,ATOM,AAVE,DOGE,NEO,SAND,QTUM
ROSE,0.0,0.03357667019377519,0.09495738844556528,0.02689280522791293,-0.06876541831979854,-0.05948027765422825,0.0,-0.015613054791498548,-0.015246040016568152,-0.005964372262626361,0.0400392627175743,0.020822359565355553,0.010869946048421342,-0.04919900319423248,-0.01282828802672753,-0.06598808524682753,0.03772883183796838,0.0025872834291915114,-0.03213385182392492,-0.015332875108310606,0.016652097393980103,0.0,-0.0012491601337042413,0.030135022585881632,0.05593887032487144,-0.0012215372470117947,0.029016615154358383,-0.05972445702432094,0.014097390323869252,0.012691658739377165,-0.033503388962517866,-0.043412970731204314,-0.04453985696936097,-0.002804317523628086,0.004940766041481859,0.017188838918468674,0.040966465896675686,0.0,0.015368371307279582,-0.009261827119334098,-0.05464887408648489,0.08296239382254261,-0.05109881881446032,0.012840728180794958,0.048759254517624306,-0.10446323157818294,-0.03946578107781851,-0.028119697397954946,-0.0030275346700612826,-0.051234529498804526,0.09231373319007352,-0.03441940332769161,0.021119061522866023,-0.01678143109030278,-0.07584794443054521,-0.03708291613906978,0.03536142181624863,0.0,-0.06420274996426678,0.014621825511008324,-0.061676423763719346,-0.042072026848805955,0.13648911905595007,0.126315073907451,-0.12566410947882528,-0.026782133414945508,-0.04356745044298238,-0.04536430750445353,-0.1288630381322855,0.01303518682475352,0.012877841562124126,-0.02004652390343975
ANKR,-0.03357667019377519,0.0,0.06880978341869026,-0.010229681576670813,-0.10127829625647494,-0.10017211597880726,0.0,-0.06637224929393137,-0.07300699155169754,-0.061056173534665525,-0.0024658631189734548,-0.004657661526738077,0.023936085220597758,-0.07380955094106756,-0.07112504347344806,-0.13201174205700889,-0.00802501984644266,-0.021252081934163725,-0.0890378227628526,-0.06120117589797652,-0.0010330890384220304,0.0,-0.03269632292790753,-0.010664708026123293,0.009543636799418387,-0.06662423299347231,-0.010239947000756477,-0.10839311844245286,-0.035047713433011274,-0.04593246790638095,-0.06181597794453858,-0.07710400087223468,-0.08026050070497903,-0.04280115378996224,-0.05376541304476412,-0.05737338202142883,-0.007799733350392135,0.0,-0.018551889849416192,-0.04019551788062525,-0.039966547702988076,0.07408593017498655,-0.0950742605754839,-0.007924859550674956,0.022013672674577767,-0.14746848899577897,-0.09524350192318176,-0.08727923811148386,-0.016479311744323766,-0.12092115277405807,0.08336008899934427,-0.11177620497773844,-0.00029411290487046937,-0.04456878651629259,-0.1557081957103389,-0.06989731693602674,0.02380998403721074,0.0,-0.1304572640579123,-0.03669623801378474,-0.06446243571469445,-0.10198890197487748,0.09725981428157848,0.0867407713595581,-0.17454618457360355,-0.07875963818527254,-0.06830186235012042,-0.11704026390686367,-0.20757822891278338,-0.026355393829819884,-0.024789525346395058,-0.08077803113119641
VET,-0.09495738844556528,-0.06880978341869026,0.0,-0.07978681828600526,-0.17749912462102319,-0.13208540691453302,0.0,-0.10494527098094608,-0.12945183662839876,-0.1181771474745027,-0.05879150238465197,-0.06307831374197032,-0.06290493589436219,-0.14348052341211215,-0.12481799612295563,-0.15464897673587147,-0.0717258088604874,-0.06448478090573084,-0.11770440867103438,-0.09122152048784599,-0.06221852708468928,0.0,-0.09048209419168629,-0.09967933746961888,-0.05938660120008754,-0.07631686515108832,-0.06303249985959597,-0.15409086961559504,-0.09968804611754722,-0.07791757311700481,-0.11454505426604294,-0.1255481894739811,-0.1437318268527144,-0.08707219668200611,-0.11141215326222714,-0.08400468243384585,-0.04055712770875464,0.0,-0.056876734910963955,-0.10284510593146423,-0.0995493778302069,0.021630926584494614,-0.13850108168341657,-0.07275415434770116,-0.0509456141313428,-0.18110295706612906,-0.1272292783945393,-0.11155061110229064,-0.06914262294231788,-0.13270594511586248,0.03897618198553382,-0.11600568336566619,-0.04516033089427118,-0.08189424941921741,-0.15204471604383812,-0.1373028498079405,-0.05343942012340169,0.0,-0.1751862863327978,-0.08486190133434235,-0.11547307743091656,-0.14845832738551157,0.015153778816434593,0.15565668988136472,-0.1798476731839067,-0.10434331686383441,-0.1313940862620458,-0.15136034757491668,-0.20390510929318761,-0.09606221751777555,-0.10606145083570623,-0.11649042172052448
NEAR,-0.02689280522791293,0.010229681576670813,0.07978681828600526,0.0,-0.07332081941675128,-0.05219182569397024,0.0,-0.053864295555845376,-0.05030846984737802,-0.04215840215052269,0.012595899282883516,-0.00649598809588986,-0.003694803784110523,-0.11807346447667694,-0.03801626116015655,-0.07482835812524868,-0.0015513765244050681,-0.020607539987684165,-0.052958351939189074,-0.04085205508010992,-0.03852703993332862,0.0,-0.024221213087692817,-0.029810190695418015,0.023213264635854824,-0.024603173011879975,-0.012230658863314536,-0.07821554287060173,-0.012997327308020168,-0.018971187295995118,-0.05892589766926054,-0.07112366947468729,-0.07460230534274348,-0.04067169787156211,-0.02735340077050974,-0.023488195586242377,-0.030364208507175416,0.0,0.020245332417099415,-0.05642757096847084,-0.03273304823530038,0.04033326952997118,-0.06070286780532752,-0.01804010732931005,-0.013445966347220173,-0.1227632869211292,-0.08630772640623385,-0.06842625949788234,-0.03786649336962156,-0.10144424122631956,0.06859346459176452,-0.08042434952018984,-0.005984437565679179,-0.04148893795024072,-0.12073309446586933,-0.06383161876902221,-0.017246250997519252,0.0,-0.11073540830923562,-0.014583739765955284,-0.05734183865527048,-0.08179107051632528,0.10121763523467825,0.08520438410681988,-0.12236650161247181,-0.04211353278384,-0.07570068651231593,-0.08734629982817244,-0.14312660108451658,-0.04021290338256911,-0.03438606215733342,-0.04596834563175334
ETH,0.06876541831979854,0.10127829625647494,0.17749912462102319,0.07332081941675128,0.0,0.08218528385654,0.0,0.056600209594850126,0.031263455774902305,0.02245027290344981,0.14389140427418506,0.07639858519452314,0.17350282977669207,0.0008776126434201781,0.08921467729313082,-0.007655929210340973,0.06419438461553517,0.12579406750666305,0.05517046825660399,0.06665984072728987,0.1444821400929811,0.0,0.09729525864275934,0.07376291402128854,0.15379524387199078,0.0474360092228896,0.131419748848916,0.030926435794784823,0.09418034622770932,0.09935593039173235,0.026582333340683606,0.013583817173751789,0.07465043083547668,0.1258170462666226,0.06442288083100711,0.07595430590791641,0.15524018057641187,0.0,0.15134635079058406,0.08469592558286276,0.09243348565994985,0.13779675860876206,0.05675565812079569,0.06727501022422344,0.07388089027752892,0.022910561335966584,-0.005927916566781599,-0.013961018457080199,0.073094560034142,-0.04428469100748389,0.1284438605949071,-0.03703652133424551,0.09600385644879594,0.033650912041796543,-0.043104737347343325,0.0419025223565026,0.07590026475389139,0.0,-0.052953542738854,0.08630131315716955,0.039812678668590396,0.0270706373564914,0.15253206746141734,0.14102567941711783,0.023316721788242734,0.09232850886190125,0.03179085397908876,-0.017598155181524078,-0.07886812460735398,0.11549244228807015,0.08090724088261408,0.0877704209131005
EOS,0.05948027765422825,0.10017211597880726,0.13208540691453302,0.05219182569397024,-0.08218528385654,0.0,0.0,0.05184867116750819,-4.9602342504728725e-05,-0.01085054449924977,0.0827755805278263,0.09628848039638405,0.06093722037328664,0.018462616056106107,0.02929660622137681,-0.049053303223955125,0.03193849635162105,0.09083731070345485,0.009369453441482545,0.06060950071960197,0.10936077990238319,0.0,0.06653178445684726,0.04424266863673626,0.05661573323794311,0.019971263207709367,0.10373226664946239,-0.025835627002080974,0.030905787912510863,0.06303818285212476,0.05605103778085424,0.028439357289179512,0.014533548567791765,0.06157687815828111,0.018773913733542813,0.0012986710729709916,0.06976501936718699,0.0,-0.006688426350770549,0.03961587056298005,0.04533307198590242,0.2133028790837132,-0.0049585320843502645,0.09072959164463756,0.10923880063498631,-0.04315493188097075,0.006984508756684826,0.023781259488658057,0.10784195127377866,-0.01128453734901741,0.1983043998046026,-0.01832907031223624,0.10543576263078819,0.09034787348222773,-0.04773973369470291,0.02015300041955692,0.12977539830894635,0.0,-0.07579987103590463,0.0671999238843573,0.028761582714900258,-0.03280849268670183,0.14478948003740955,0.05301980881043898,-0.035916571418919296,0.026612368616352744,0.031068644290092984,-0.06321261883916063,-0.10430452826150455,0.06609872278982848,0.060064611324549155,0.017166153826595143
BAKE,-0.0,-0.0,-0.0,-0.0,-0.0,-0.0,0.0,0.0,0.0,0.0,0.0,0.0,0.0,0.0,0.0,0.0,0.0,0.0,0.0,0.0,0.0,0.0,0.0,0.0,0.0,0.0,0.0,0.0,0.0,0.0,0.0,0.0,0.0,0.0,0.0,0.0,0.0,0.0,0.0,0.0,0.0,0.0,0.0,0.0,0.0,0.0,0.0,0.0,0.0,0.0,0.0,0.0,0.0,0.0,0.0,0.0,0.0,0.0,0.0,0.0,0.0,0.0,0.0,0.0,0.0,0.0,0.0,0.0,0.0,0.0,0.0,0.0
GRT,0.015613054791498548,0.06637224929393137,0.10494527098094608,0.053864295555845376,-0.056600209594850126,-0.05184867116750819,-0.0,0.0,-0.01057067582369986,0.002586660541127439,0.056888317911574005,0.06340088819168666,0.013343474054557991,-0.0318468510092757,-0.00644807178092599,-0.046528163451196924,0.03797220432949333,0.027244964659707216,-0.016282091588674774,0.011754617476736673,0.03025806911077783,0.0,0.022515525321244567,0.024188251053695597,0.055887336514594876,0.0012428867059667281,0.058472875644579037,-0.03884146988353099,0.03018970585233427,0.02282229832606264,0.0055121348526920855,0.002277251317683582,-0.036900559444960734,-0.0062494476290957945,0.014156614002712176,0.028254020074327757,0.032624555981096426,0.0,0.02016640465043712,0.00607169964058718,-0.02793641989292628,0.1266261817349365,-0.025669692774242137,0.04927589047287628,0.06204048378050003,-0.09582117413676183,-0.023061012431075167,-0.00285814111250815,0.03307346915970738,-0.04889539246166602,0.1403399517271227,-0.034621195369151536,0.04910331185933642,0.012011414367981144,-0.07372354891734118,-0.007129851291001521,0.06241811919960222,0.0,-0.07688056764590323,0.030898908285269422,-0.020095356448554202,-0.0371905478094231,0.15375134292006998,0.09717377753872553,-0.08556789893205735,-0.018556560285551194,-0.010774719157404578,-0.04034495647547409,-0.11457822300159892,0.021682885157336018,0.017781099521021082,-0.021888692495477313
REEF,0.015246040016568152,0.07300699155169754,0.12945183662839876,0.05030846984737802,-0.031263455774902305,4.9602342504728725e-05,-0.0,0.01057067582369986,0.0,-0.0002637175267732328,0.08351271131640803,0.055774259462260334,0.05029368309452087,-0.04653470180803215,0.0216934608450311,-0.034509936155953436,0.046296570608604926,0.046896924624445946,-0.0041045960708605556,0.03798490925405573,0.04345737152326301,0.0,0.043429928698043574,0.018485905889985,0.0751177321215033,-0.019409367577899572,0.07072462033952909,-0.014727528479694496,0.04314194778711511,0.03867561306008527,-0.005744403302330281,0.0014677296384911775,-0.00406370279700774,0.025820593903653988,0.04161671775366116,0.01557702256043203,0.041488432419128196,0.0,0.08963511273771185,0.004276201595241669,0.008538310673022798,0.09155474835458371,-0.0001688828995052849,0.04690869252161872,0.029816806680508345,-0.0710876845263193,-0.04912324896173048,0.0025997879278204516,0.0202472318826058,-0.07076675219555628,0.1494889321242774,-0.05223918311149012,0.041041033782629965,0.023711764788627798,-0.08918373497120802,-0.011526413294545068,0.03878261453859627,0.0,-0.08964198861003303,0.03826773124250005,-0.0020006588779351575,-0.02911902544785827,0.15831716067549756,0.12204397075267341,-0.0718288651658755,0.01997164578621269,-0.017505993967783073,-0.04783129074606918,-0.09724168311054959,0.042541989650367706,0.028967254578126544,0.01584651403588566
INJ,0.005964372262626361,0.061056173534665525,0.1181771474745027,0.04215840215052269,-0.02245027290344981,0.01085054449924977,-0.0,-0.002586660541127439,0.0002637175267732328,0.0,0.07681309091441951,0.03218112120469763,0.08392997126816665,-0.04933634668010922,0.020119913944748435,-0.04553854618629316,0.04019626722485237,0.04280352903685214,-0.0051602777519045295,0.014039025770841429,0.04155735098934865,0.0,0.02617487826753101,0.037214095352122945,0.09398394237281504,-0.006572895260535838,0.06495891121455166,-0.01357043948143144,0.04822741773455075,0.028638285277355013,-0.02508633144819672,-0.01826064031387964,-0.0026845240181727625,0.02912692841361103,0.029693154098199614,0.02838917804935881,0.05345420099165715,0.0,0.0999776024148597,0.01448123074449359,0.012474967703527073,0.06976334421702396,0.007605747945432673,0.02717814109001776,0.020522713397069015,-0.05085398467290814,-0.04773548920385062,-0.02767659176872933,0.0054979156599206935,-0.08291475003160864,0.09017562150718295,-0.06442647381769884,0.02249522166119927,-0.011883863783580473,-0.07915007534798169,-0.010580447274710303,0.019727167344278373,0.0,-0.06955871607522723,0.02991509345403598,-0.011373006777396222,-0.026960454648396914,0.13692314784786064,0.12192232895774181,-0.048889536927492094,0.01628634614602653,-0.02344884929904334,-0.04410030813793986,-0.09543790324128626,0.04007337303775238,0.022621290208777012,0.012790943435137536
FIL,-0.0400392627175743,0.0024658631189734548,0.05879150238465197,-0.012595899282883516,-0.14389140427418506,-0.0827755805278263,-0.0,-0.056888317911574005,-0.08351271131640803,-0.07681309091441951,0.0,0.012828845433470348,-0.01330851007001882,-0.08659673212868635,-0.07287878319909202,-0.11673393960108552,-0.04252343682274351,-0.020928937307648554,-0.07663378014057975,-0.03886290643293838,-0.016528375242490623,0.0,-0.022876421939505676,-0.04277309965015108,-0.015557425519800772,-0.05481490023217872,-0.0032378809222910476,-0.11617409203367463,-0.04774680125699371,-0.03880317297424313,-0.03021416911441549,-0.05575596943841621,-0.08644391225248815,-0.04679947720269262,-0.054327399482424266,-0.06805080374011374,-0.03622890982028526,0.0,-0.09409769225131248,-0.0499709861291725,-0.040547537010128254,0.10276182096134262,-0.10927527386940811,0.011452920099977393,0.017066445304879663,-0.13841035953465136,-0.09342234815667538,-0.07242892170259801,0.004967653787152526,-0.11427497584828211,0.1354765073707498,-0.09448626989989795,0.025309310750810998,0.001502227011242474,-0.15318582826332322,-0.07332256648763419,0.01356435014209828,0.0,-0.15309802425563052,-0.03447044906902652,-0.05649709752302151,-0.10565968293996897,0.07007023114300398,0.05620808287779776,-0.17370728189770024,-0.06577421006181994,-0.059408812611468576,-0.13321240189223643,-0.18727797445548638,-0.04718568789972738,-0.03528735846230102,-0.06991862380330094
MATIC,-0.020822359565355553,0.004657661526738077,0.06307831374197032,0.00649598809588986,-0.07639858519452314,-0.09628848039638405,-0.0,-0.06340088819168666,-0.055774259462260334,-0.03218112120469763,-0.012828845433470348,0.0,0.019901962366696113,-0.0631381416159204,-0.06934928932214146,-0.10861117132447828,-0.009712370345020205,-0.037849743983413564,-0.07483727888549768,-0.07065350683829558,-0.014734753143644974,0.0,-0.031981326813270594,0.012498254024473687,0.01474955547101131,-0.02339027368418828,-0.01905237056087078,-0.1069160552810155,-0.027861319109108662,-0.043548616693438735,-0.04145550462402969,-0.06203251918965347,-0.0826841956087877,-0.047587281757284106,-0.04055397443128805,-0.037021257589093914,-0.020434403204290186,0.0,-0.06655129617715272,-0.025736520939811658,-0.04381716987095752,0.07638692721568807,-0.09801462563393148,-0.006643265360201878,0.04497042566619863,-0.1237406102593398,-0.06556933268301102,-0.08452331325532175,-0.006283085175690706,-0.09388901153611373,0.06913239582838504,-0.07010063592509858,0.01582608433196092,-0.04089946650445464,-0.1313871672836895,-0.04735991884969204,0.02526191196780614,0.0,-0.0926677039951202,-0.035700265643352436,-0.06069250024866141,-0.08273381250364376,0.08822151720886062,0.07260199795172842,-0.170333906191806,-0.08227536946145997,-0.050606536331120666,-0.08935754223747683,-0.1801844151833012,-0.03663264242220693,-0.01452528006056486,-0.069035364959383
BCH,-0.010869946048421342,-0.023936085220597758,0.06290493589436219,0.003694803784110523,-0.17350282977669207,-0.06093722037328664,-0.0,-0.013343474054557991,-0.05029368309452087,-0.08392997126816665,0.01330851007001882,-0.019901962366696113,0.0,-0.04732249295703106,-0.06142624111423778,-0.10281612149062769,-0.04181959866973062,0.02860842548762149,-0.0211571614904823,-0.013369871388829668,0.00941504882126587,0.0,-0.007097999875668171,-0.04377639519060833,0.0035469507147931068,-0.029176925200242232,-0.003413108866572534,-0.11110095621827598,-0.03567538460986491,0.005066648715545519,-0.041818964038360384,-0.08613781680801383,-0.044729519216834934,0.003941678882663502,-0.09936521942045562,-0.045186367569850616,0.02885760668166415,0.0,-0.041282807383003994,-0.018659966003434503,-0.023111550723970087,0.07709406223601209,-0.08800066788705113,-0.004482388867962206,0.018926917643706076,-0.08901326320248676,-0.06214601864079125,-0.08956137166577033,-0.006178214821780104,-0.07205703464805346,0.09008759362503538,-0.08572091693016824,0.027932149489361624,-0.032977083581998856,-0.08632552614512837,-0.08350093518682722,0.029645969727883414,0.0,-0.10807554890603296,-0.009264109080425409,-0.07493503305895516,-0.07781837491177535,0.028523356681948775,0.04879078109721205,-0.08884350194965035,-0.03109011230699371,-0.030895085789204912,-0.12619259588039386,-0.18017218675660204,-0.03019048117168255,-0.05522947911964257,-0.058032541349707645
IOST,0.04919900319423248,0.07380955094106756,0.14348052341211215,0.11807346447667694,-0.0008776126434201781,-0.018462616056106107,-0.0,0.0318468510092757,0.04653470180803215,0.04933634668010922,0.08659673212868635,0.0631381416159204,0.04732249295703106,0.0,0.011496731713913688,0.0025981221167548085,0.07493720049786057,0.0396231508677653,0.0430804664817071,0.02631161868292481,0.017228840434422465,0.0,0.04787852732467629,0.08677743719783554,0.12125660342928613,0.0359721661717225,0.05938583426294802,-0.025784189153918113,0.08281416618652859,0.0642956076464275,0.014777626112118969,0.006740558271786934,-0.00014919655452222402,0.024779218079008347,0.035998381975605453,0.08590136507657509,0.05319882616637989,0.0,0.04985157876711438,0.04604984202607765,-0.024252614180506837,0.08505185959451617,0.007829431006771914,0.05390904024736187,0.08246980031025397,-0.05967203147795547,0.014317757250330965,0.007546206970851399,0.02164121394028956,-0.013732018820386771,0.11858714903333828,0.011200749489272688,0.06692177622560858,-0.02117734939106708,-0.028625961414896595,0.010642649758557055,0.06906131946530264,0.0,-0.0036135396794803043,0.0556840789094778,-0.03008565213873121,0.02128176285658845,0.17684478215988136,0.08309436296715403,-0.05907286583933885,0.006674633714860656,0.031139876760729268,0.005869162909676984,-0.06923017971375467,0.03135626227935018,0.041392869386036424,0.01884211959924159
CHR,0.01282828802672753,0.07112504347344806,0.12481799612295563,0.03801626116015655,-0.08921467729313082,-0.02929660622137681,-0.0,0.00644807178092599,-0.0216934608450311,-0.020119913944748435,0.07287878319909202,0.06934928932214146,0.06142624111423778,-0.011496731713913688,0.0,-0.07579101235975938,0.015784227401524853,0.04955900246380002,-0.018469485774048056,0.03607321839009203,0.07751543437565972,0.0,0.045797099314476286,0.01754153262896263,0.05822612172486319,-0.026122043732807132,0.07284108121929123,-0.051119714080241074,0.013503975218337128,0.02135739979923934,0.007693845694885293,0.007581666111411756,-0.010269360121620497,0.03103028196119867,0.004013103271945706,-0.0162793262191836,0.05460266833479427,0.0,0.011455015975620098,0.006657609691517297,0.0018264968340108156,0.1526570730734974,-0.0339154413014604,0.06258266712042743,0.06778680147514615,-0.09274723538933716,-0.04615392767058535,-0.010280999195690532,0.056490176122560576,-0.07161636908016855,0.19165659828376025,-0.053344001606625335,0.06036095081563697,0.05646130150519735,-0.11616387445331788,-0.010269499630577661,0.08058164247179339,0.0,-0.11590149793373944,0.03919860473642778,-0.00729260375836549,-0.05128475820680045,0.12916000255029403,0.08208626179973613,-0.0898922848863995,-0.0004235724614081171,-0.00519461544712807,-0.08431657599286202,-0.1411133873033159,0.04734877290374023,0.03224449700178955,-0.008584500313831955
EGLD,0.06598808524682753,0.13201174205700889,0.15464897673587147,0.07482835812524868,0.007655929210340973,0.049053303223955125,-0.0,0.046528163451196924,0.034509936155953436,0.04553854618629316,0.11673393960108552,0.10861117132447828,0.10281612149062769,-0.0025981221167548085,0.07579101235975938,0.0,0.0698066004274121,0.08407408185196807,0.02934991100900952,0.05870027523158655,0.09600604625704645,0.0,0.08154420985433719,0.08058516920478354,0.10631858814855882,0.04128991251168468,0.11807590647214194,0.02345106153215759,0.07068669913480341,0.07570114631568359,0.059169875763165236,0.05497470653576009,0.0334014387876011,0.06684482961954608,0.08032985971248552,0.030046222161275393,0.055334228872036595,0.0,0.03644125608418508,0.04837412170411648,0.06757043288430986,0.17575894927061803,0.035004063087590076,0.09558260649547018,0.09664334613184838,-0.021763282350390933,0.00840624894287012,0.030595178819739388,0.09741406001102415,-0.021122610516752016,0.16877551103439953,-0.006392095192367386,0.10021887235238852,0.0834795191050357,-0.047987243837777416,0.06005044493402922,0.10226854701310395,0.0,-0.0405896153401647,0.08767081816100303,0.05335958579669642,0.0018760250978397952,0.17349276294840865,0.03769905967756802,-0.00940717607641095,0.05117694700198905,0.033277669186443926,-0.018510035261063096,-0.057523812334517754,0.07982323443191985,0.10013559412837048,0.054225040671778135
HBAR,-0.03772883183796838,0.00802501984644266,0.0717258088604874,0.0015513765244050681,-0.06419438461553517,-0.03193849635162105,-0.0,-0.03797220432949333,-0.046296570608604926,-0.04019626722485237,0.04252343682274351,0.009712370345020205,0.04181959866973062,-0.07493720049786057,-0.015784227401524853,-0.0698066004274121,0.0,0.012151659794273684,-0.03757381237447455,-0.004967420827977964,0.017778664918445153,0.0,-0.004363879906218615,-0.022398512908297308,0.048951567560077014,-0.05029165444874106,0.018100229382107036,-0.03864501275458754,0.0010770580536957342,-0.009057149081226679,-0.06065178235285745,-0.03840462252789084,-0.030201962602327936,-0.007080648520241317,-0.025275923671823408,-0.0011602436346713763,0.040972538188800256,0.0,0.10359424421521723,-0.03076551882226891,-0.03535326364412722,0.03773817023627879,-0.028174441495138758,-0.003971501220787488,-0.024958283018246652,-0.10571012442080108,-0.07610809901265403,-0.045324094615877275,-0.02727491511247343,-0.09713971367753393,0.07700520567932373,-0.07668437659835065,-0.01169562352175979,-0.018116433511780605,-0.10723972883706223,-0.05477031668325871,-0.02437463235837678,0.0,-0.114135978737755,-0.005078598280483071,-0.0418863936390535,-0.0545435755635042,0.08506352091371094,0.17512582768739857,-0.06760038415423786,-0.007611525991391255,-0.07093950160732815,-0.0744628987666206,-0.12772245336085586,0.011552694769029592,-0.040468305539714367,-0.0168513910436926
ZIL,-0.0025872834291915114,0.021252081934163725,0.06448478090573084,0.020607539987684165,-0.12579406750666305,-0.09083731070345485,-0.0,-0.027244964659707216,-0.046896924624445946,-0.04280352903685214,0.020928937307648554,0.037849743983413564,-0.02860842548762149,-0.0396231508677653,-0.04955900246380002,-0.08407408185196807,-0.012151659794273684,0.0,-0.04995865839663194,-0.024257099627435663,0.001219908042488338,0.0,-0.00944929978561504,-0.008271026493377187,0.008846916484926859,-0.00834749461516976,0.019816121478150817,-0.08404394229013096,-0.011316527893174277,-0.014771670059564368,-0.006295545355639642,-0.040509288255489495,-0.06821535100432186,-0.03627641499473305,-0.048999268175753896,-0.00576164628353415,0.007472888949367984,0.0,-0.0696829668818782,-0.01151821992690183,-0.048942175932938814,0.13052899052228367,-0.09111447600232103,0.031907574074505785,0.06764356896391077,-0.11628283878329743,-0.04107067860859931,-0.045636728806061844,0.02930475786012038,-0.062260242913091235,0.12418071061880503,-0.04858700578399938,0.04636900612372652,0.0006805985738868037,-0.09519456236724616,-0.037056277495447154,0.0563560530875718,0.0,-0.0990178185277179,-0.00938263216056362,-0.04690777779248201,-0.06267246746022698,0.09481841398757773,0.04744809915999018,-0.1473499300447545,-0.05256826042490409,-0.02885736806143624,-0.08084868438040954,-0.15395676186924073,-0.022326960705168875,-0.021714501319090085,-0.058391494712246916
ALGO,0.03213385182392492,0.0890378227628526,0.11770440867103438,0.052958351939189074,-0.05517046825660399,-0.009369453441482545,-0.0,0.016282091588674774,0.0041045960708605556,0.0051602777519045295,0.07663378014057975,0.07483727888549768,0.0211571614904823,-0.0430804664817071,0.018469485774048056,-0.02934991100900952,0.03757381237447455,0.04995865839663194,0.0,0.028685944707467048,0.04017242099681673,0.0,0.04064589928957563,0.02791624477125232,0.06202410122285473,0.013609755859155026,0.08072754217196249,-0.027633876004787283,0.03822048058374472,0.04520467053787802,0.021216645857063954,0.007978358767688765,-0.021606877606390795,0.01565218068946045,0.040554345396739744,0.010748171001709994,0.015533132426554574,0.0,0.0037418613785705213,0.0038878689320932525,0.01359179105128866,0.14323309060018774,-0.006455134549207819,0.060045444343971244,0.06465492681109286,-0.07110661482845415,-0.022738553089589608,0.007559301607381608,0.05231140678747842,-0.04755086281045551,0.15844469897650057,-0.03427195083346657,0.06451335370141004,0.036699668193723445,-0.06605379668610645,0.011293219782149144,0.07316244322724486,0.0,-0.07346171212319474,0.05006510423799915,0.002802805204790537,-0.03938616459699418,0.15397341224468092,0.05789902910660827,-0.049463698573119164,0.0034217989737911347,0.0019205250670176754,-0.04664486304572768,-0.09016534924920339,0.02790340420021309,0.046520608390311025,-0.0015291049999296424
DENT,0.015332875108310606,0.06120117589797652,0.09122152048784599,0.04085205508010992,-0.06665984072728987,-0.06060950071960197,-0.0,-0.011754617476736673,-0.03798490925405573,-0.014039025770841429,0.03886290643293838,0.07065350683829558,0.013369871388829668,-0.02631161868292481,-0.03607321839009203,-0.05870027523158655,0.004967420827977964,0.024257099627435663,-0.028685944707467048,0.0,0.03265732606043903,0.0,0.01654850915854772,0.017916228554418545,0.03546411856255799,-0.004833401620834454,0.04383628902568204,-0.0608919937474629,0.01178630255775659,0.004962607389146778,0.015782302130626757,0.0020974082305483255,-0.04779657836736656,-0.011055494715704106,0.0007408965722097705,0.007079172524601884,0.014081135485855822,0.0,-0.03821072654799634,0.007889447361779656,-0.012669647126715089,0.1484625501850811,-0.04771565228213176,0.04901207098637245,0.07246855920155659,-0.10203389579417516,-0.02781391169495734,-0.0089170084305491,0.056523900861591314,-0.05106801877618422,0.16049189480052178,-0.03497214688807798,0.07029008603703002,0.024263416014298322,-0.09196453141724731,-0.00958391629245936,0.07597547422049805,0.0,-0.09974299322334285,0.015384820661047016,-0.0083440392950207,-0.05809092956126938,0.12430606130270572,0.09125080485050373,-0.10263003759639827,-0.031347784806350476,-0.0006422629363864174,-0.060350529534206165,-0.1262304673280773,0.0070291414438486965,0.009689889152982967,-0.03393665552078462
DASH,-0.016652097393980103,0.0010330890384220304,0.06221852708468928,0.03852703993332862,-0.1444821400929811,-0.10936077990238319,-0.0,-0.03025806911077783,-0.04345737152326301,-0.04155735098934865,0.016528375242490623,0.014734753143644974,-0.00941504882126587,-0.017228840434422465,-0.07751543437565972,-0.09600604625704645,-0.017778664918445153,-0.001219908042488338,-0.04017242099681673,-0.03265732606043903,0.0,0.0,-0.015816049440732338,0.00012582544869077505,0.01949690440537366,-0.020520581758728063,0.003583880619583091,-0.10766450147065382,-0.01746152406602225,-0.02461755765029272,-0.022014304052207168,-0.05165647942473334,-0.06423720764258312,-0.03463607156141696,-0.08897509126758801,-0.007472859258329134,0.023597363625305345,0.0,-0.06518320036924452,-0.0064065580586054605,-0.07082705925893468,0.10375148542459417,-0.09271590542439473,0.022975124385403,0.06778628497469152,-0.1264940343108628,-0.038776733957859744,-0.07217052307485983,0.0069921521436078216,-0.06899932740967346,0.1004041697687455,-0.054158591518746246,0.03273186176145182,-0.03133522715658654,-0.09875693333018665,-0.05121809997139315,0.05708049868105497,0.0,-0.08811216071744676,-0.014679563007570895,-0.07206621164053578,-0.060769072862329854,0.07166488914035668,0.041952128267500645,-0.1394751717647565,-0.0659134888342941,-0.019927547981725358,-0.09282239927069852,-0.17326210336998488,-0.02783495131656033,-0.0426142718068615,-0.08368569937492903
ALICE,-0.0,-0.0,-0.0,-0.0,-0.0,-0.0,-0.0,-0.0,-0.0,-0.0,-0.0,-0.0,-0.0,-0.0,-0.0,-0.0,-0.0,-0.0,-0.0,-0.0,-0.0,0.0,0.0,0.0,0.0,0.0,0.0,0.0,0.0,0.0,0.0,0.0,0.0,0.0,0.0,0.0,0.0,0.0,0.0,0.0,0.0,0.0,0.0,0.0,0.0,0.0,0.0,0.0,0.0,0.0,0.0,0.0,0.0,0.0,0.0,0.0,0.0,0.0,0.0,0.0,0.0,0.0,0.0,0.0,0.0,0.0,0.0,0.0,0.0,0.0,0.0,0.0
IOTA,0.0012491601337042413,0.03269632292790753,0.09048209419168629,0.024221213087692817,-0.09729525864275934,-0.06653178445684726,-0.0,-0.022515525321244567,-0.043429928698043574,-0.02617487826753101,0.022876421939505676,0.031981326813270594,0.007097999875668171,-0.04787852732467629,-0.045797099314476286,-0.08154420985433719,0.004363879906218615,0.00944929978561504,-0.04064589928957563,-0.01654850915854772,0.015816049440732338,-0.0,0.0,0.0065938600456488805,0.027772908761916293,-0.007383381531887001,0.019735201603124253,-0.08251275558532284,-0.009789603324387053,-0.002099247933332604,-0.016429342244876022,-0.037444343854610096,-0.05724542292237439,-0.015714463995624595,-0.0270958496986059,-0.021924175020568315,0.01213438455875554,0.0,-0.03991082126260276,-0.011999388818241474,-0.030576249433725167,0.1195148368893903,-0.06506194805108773,0.026782367314893418,0.0539475677176679,-0.11364924815205424,-0.04969307917401894,-0.03907084503796654,0.02450554175180991,-0.06430781753583287,0.13087435394089952,-0.04683555754500679,0.04578999955377333,0.003580098215981653,-0.0984128826148406,-0.04237548346891956,0.05494132566162441,0.0,-0.10048176331783376,0.001700507794183903,-0.039565607347805176,-0.07112866103993992,0.11089361151718097,0.10055293476979932,-0.12860114069105044,-0.03967299734190538,-0.029143484886329007,-0.08725913927630202,-0.15111109631707953,-0.0065424483474664785,-0.007199611641722614,-0.04318409544137447
LINK,-0.030135022585881632,0.010664708026123293,0.09967933746961888,0.029810190695418015,-0.07376291402128854,-0.04424266863673626,-0.0,-0.024188251053695597,-0.018485905889985,-0.037214095352122945,0.04277309965015108,-0.012498254024473687,0.04377639519060833,-0.08677743719783554,-0.01754153262896263,-0.08058516920478354,0.022398512908297308,0.008271026493377187,-0.02791624477125232,-0.017916228554418545,-0.00012582544869077505,-0.0,-0.0065938600456488805,0.0,0.06543958980791542,-0.041604392094608866,0.024610443942453375,-0.06174354960182549,0.016454184989294185,0.0188738045356448,-0.07166904644065558,-0.06705209928386013,-0.04057665796354415,-0.005991886300487359,-0.015193191657675298,0.0019738985018755706,0.019970143468544976,0.0,0.07913264753230287,-0.02124263367380752,-0.038077039971547544,0.029017144260010452,-0.047586668492473616,-0.007414487276411863,-0.01162229585485397,-0.09483623952468745,-0.07602689304991928,-0.06147144300987989,-0.04866082657028786,-0.10061151373002225,0.05740714064276925,-0.09608399750764157,-0.01379905558422545,-0.06248274957669031,-0.09814945926853008,-0.05797212699544019,-0.01433016868142395,0.0,-0.08466855477162216,-0.0013019245925699474,-0.08179018119238624,-0.06264110311428817,0.130412650141631,0.13024252186683344,-0.09160628461081222,-0.027470131436075795,-0.06218633771779336,-0.07046260151852146,-0.1613214415925892,-0.000498285719381153,-0.008584344460070392,-0.03554458913398373
XTZ,-0.05593887032487144,-0.009543636799418387,0.05938660120008754,-0.023213264635854824,-0.15379524387199078,-0.05661573323794311,-0.0,-0.055887336514594876,-0.0751177321215033,-0.09398394237281504,0.015557425519800772,-0.01474955547101131,-0.0035469507147931068,-0.12125660342928613,-0.05822612172486319,-0.10631858814855882,-0.048951567560077014,-0.008846916484926859,-0.06202410122285473,-0.03546411856255799,-0.01949690440537366,-0.0,-0.027772908761916293,-0.06543958980791542,0.0,-0.059239058844075765,-0.0010978272630443042,-0.10400397082837515,-0.03748449904622453,-0.02168399530909204,-0.06875252013096417,-0.08794476431873449,-0.07505775486077793,-0.03401526999559468,-0.06289672061478646,-0.059050143549475465,-0.026971634617948825,0.0,-0.022146439798804873,-0.06404017055402234,-0.03984402990869562,0.05487172100917581,-0.0824241204737185,-0.019659937755135137,-0.029597376353587668,-0.12624660141541666,-0.11201478520968866,-0.08825845330546217,-0.03439621680597649,-0.13233253926353905,0.08466303616954157,-0.12022640779596033,-0.012219634306596006,-0.03612116808861637,-0.14162051762855088,-0.08062704751747096,-0.024586289681801543,0.0,-0.14944222937617013,-0.03141671429378423,-0.07570217107048538,-0.11112064953622558,0.059983075774686145,0.07551597413713171,-0.11889998565218446,-0.0476576544324685,-0.08004942984266017,-0.1333512821466168,-0.17433147324347525,-0.04357662003175927,-0.04709754848514669,-0.06740038034715867
LRC,0.0012215372470117947,0.06662423299347231,0.07631686515108832,0.024603173011879975,-0.0474360092228896,-0.019971263207709367,-0.0,-0.0012428867059667281,0.019409367577899572,0.006572895260535838,0.05481490023217872,0.02339027368418828,0.029176925200242232,-0.0359721661717225,0.026122043732807132,-0.04128991251168468,0.05029165444874106,0.00834749461516976,-0.013609755859155026,0.004833401620834454,0.020520581758728063,-0.0,0.007383381531887001,0.041604392094608866,0.059239058844075765,0.0,0.06965564914608374,-0.02826592292553798,0.03873552283690618,0.02941220793015542,-0.019304762205801407,-0.013260789755305591,-0.03398910941568095,0.01033214451065545,0.04847715604580893,0.036618983420336204,0.03298195526564157,0.0,0.030398701737202827,-0.006436120576443161,-0.03400136094734496,0.0718813265847344,-0.0025090130830373036,0.01282421490446417,0.035961384577953726,-0.056906583920957376,-0.01893722335274861,-0.007067098657104753,0.003723065245261392,-0.05069641587977175,0.057937486004733474,-0.04807249278740916,-0.003032648802135829,-0.019283638275589043,-0.042961866963345585,-0.0010737091488021155,0.024246007052869722,0.0,-0.024887399103112773,0.032663794898139864,-0.04372661497753849,-0.025480429498036306,0.14488197846573309,0.12763677764627246,-0.02080102628591185,-0.011363469804371862,-0.028152438212953212,-0.01690880188644739,-0.07150043655628935,0.025335065087809194,0.04419131607377441,0.0054018822877248684
ONE,-0.029016615154358383,0.010239947000756477,0.06303249985959597,0.012230658863314536,-0.131419748848916,-0.10373226664946239,-0.0,-0.058472875644579037,-0.07072462033952909,-0.06495891121455166,0.0032378809222910476,0.01905237056087078,0.003413108866572534,-0.05938583426294802,-0.07284108121929123,-0.11807590647214194,-0.018100229382107036,-0.019816121478150817,-0.08072754217196249,-0.04383628902568204,-0.003583880619583091,-0.0,-0.019735201603124253,-0.024610443942453375,0.0010978272630443042,-0.06965564914608374,0.0,-0.10503415430495372,-0.033216127008202756,-0.04397471105819967,-0.03052853099121733,-0.053552717806910066,-0.07984042979422246,-0.051342860838654636,-0.06015930146114429,-0.06158315008987003,-0.01900889531425387,0.0,-0.05061923992322137,-0.03904967378835411,-0.046809458767415546,0.10012409985761345,-0.09681814507009107,0.01943297375088454,0.03654061817111354,-0.1494540692800766,-0.084615023671265,-0.08099208197928154,0.0034360961258917966,-0.11839181778982161,0.11762042715604615,-0.10564518723400734,0.013205448666720354,-0.014838878700374203,-0.15663212633453782,-0.05782023144635484,0.03634840415412105,0.0,-0.13660445484861555,-0.02947849868136493,-0.05358541015371243,-0.09340046439691951,0.09177969417182497,0.04562077883603306,-0.16653004289145684,-0.07737345775705606,-0.050372926906402604,-0.12570812985018004,-0.20118592222801135,-0.031471665874157784,-0.02866738496117832,-0.08397841507328307
SXP,0.05972445702432094,0.10839311844245286,0.15409086961559504,0.07821554287060173,-0.030926435794784823,0.025835627002080974,-0.0,0.03884146988353099,0.014727528479694496,0.01357043948143144,0.11617409203367463,0.1069160552810155,0.11110095621827598,0.025784189153918113,0.051119714080241074,-0.02345106153215759,0.03864501275458754,0.08404394229013096,0.027633876004787283,0.0608919937474629,0.10766450147065382,-0.0,0.08251275558532284,0.06174354960182549,0.10400397082837515,0.02826592292553798,0.10503415430495372,0.0,0.06378815731046117,0.05321429964560953,0.05702067349332285,0.04193265936245805,0.04119507777759285,0.06727552420667471,0.02775088184102803,0.038667786594461795,0.08726404275683014,0.0,0.04903804341470275,0.05557267681862854,0.05117531708843137,0.17788285112857888,0.02812872511908071,0.09309595551894517,0.10185964454277802,-0.038162435756452284,-0.0035298226196464055,0.0043918002149576085,0.09525883223644999,-0.03931775462179932,0.17876254448875561,-0.02872547535069092,0.0932977551424467,0.07789329884057711,-0.07374394247609739,0.04751178781593379,0.10686502415017074,0.0,-0.06743380185896608,0.0773893415025051,0.042847194826091894,0.004213195937076475,0.14635644958612626,0.06402834390914479,-0.027072483967955585,0.04230841771127103,0.03787378163622679,-0.039543549569287295,-0.08914471634497562,0.0826943203456657,0.06672309060618747,0.038273198471212244
KAVA,-0.014097390323869252,0.035047713433011274,0.09968804611754722,0.012997327308020168,-0.09418034622770932,-0.030905787912510863,-0.0,-0.03018970585233427,-0.04314194778711511,-0.04822741773455075,0.04774680125699371,0.027861319109108662,0.03567538460986491,-0.08281416618652859,-0.013503975218337128,-0.07068669913480341,-0.0010770580536957342,0.011316527893174277,-0.03822048058374472,-0.01178630255775659,0.01746152406602225,-0.0,0.009789603324387053,-0.016454184989294185,0.03748449904622453,-0.03873552283690618,0.033216127008202756,-0.06378815731046117,0.0,0.009379921166907446,-0.029514783791321886,-0.049466873691516366,-0.04121223266009344,-0.0030999579210289063,-0.009789726606694638,-0.03134814665855368,0.002170231820865731,0.0,-0.0034064749426613306,-0.028027013966238523,-0.011851777739919911,0.0891580197901985,-0.0418315456757436,0.016027716142091253,0.010502800342393703,-0.10601019298809078,-0.08565872328966861,-0.05355026934399981,0.005895860852772661,-0.10394882588386356,0.11537479823878038,-0.09226548145134983,0.02377275393540934,-4.650023569419126e-06,-0.1250661730248353,-0.0387970671626402,0.014095319565357423,0.0,-0.11988258434250287,0.0056275945969154195,-0.03781367068794689,-0.06977654787055232,0.11420189505058259,0.08190473133234846,-0.10916959963486067,-0.021229923183695765,-0.04901446061920145,-0.09680290716138873,-0.1500285113624768,0.003663890351160326,0.007153202469122877,-0.02319005179342659
